date,close,reportedDate_point,trailing_eps_4q_point,is_forecast_point,teps_source_point,trailing_eps_4q,pe_ratio,pe_assumed_low,pe_assumed_mid,pe_assumed_high,price_est_low,price_est_mid,price_est_high,valuation_gap_mid
1999-11-01,34.63,,,,,,,,,,,,,
1999-11-02,35.13,,,,,,,,,,,,,
1999-11-03,36.63,,,,,,,,,,,,,
1999-11-04,38.44,,,,,,,,,,,,,
1999-11-05,37.13,,,,,,,,,,,,,
1999-11-08,35.94,,,,,,,,,,,,,
1999-11-09,38.94,,,,,,,,,,,,,
1999-11-10,38.69,,,,,,,,,,,,,
1999-11-11,37.38,,,,,,,,,,,,,
1999-11-12,36.19,,,,,,,,,,,,,
1999-11-15,37.75,,,,,,,,,,,,,
1999-11-16,38.5,,,,,,,,,,,,,
1999-11-17,39.0,,,,,,,,,,,,,
1999-11-18,39.75,,,,,,,,,,,,,
1999-11-19,40.5,,,,,,,,,,,,,
1999-11-22,43.69,,,,,,,,,,,,,
1999-11-23,44.13,,,,,,,,,,,,,
1999-11-24,43.0,,,,,,,,,,,,,
1999-11-26,43.06,,,,,,,,,,,,,
1999-11-29,44.69,,,,,,,,,,,,,
1999-11-30,43.63,,,,,,,,,,,,,
1999-12-01,41.56,,,,,,,,,,,,,
1999-12-02,41.81,,,,,,,,,,,,,
1999-12-03,42.05,,,,,,,,,,,,,
1999-12-06,41.31,,,,,,,,,,,,,
1999-12-07,42.56,,,,,,,,,,,,,
1999-12-08,44.19,,,,,,,,,,,,,
1999-12-09,44.75,,,,,,,,,,,,,
1999-12-10,43.13,,,,,,,,,,,,,
1999-12-13,42.88,,,,,,,,,,,,,
1999-12-14,41.13,,,,,,,,,,,,,
1999-12-15,38.75,,,,,,,,,,,,,
1999-12-16,41.69,,,,,,,,,,,,,
1999-12-17,41.5,,,,,,,,,,,,,
1999-12-20,41.63,,,,,,,,,,,,,
1999-12-21,41.0,,,,,,,,,,,,,
1999-12-22,40.13,,,,,,,,,,,,,
1999-12-23,38.75,,,,,,,,,,,,,
1999-12-27,38.5,,,,,,,,,,,,,
1999-12-28,38.5,,,,,,,,,,,,,
1999-12-29,40.0,,,,,,,,,,,,,
1999-12-30,40.0,,,,,,,,,,,,,
1999-12-31,39.88,,,,,,,,,,,,,
2000-01-03,41.94,,,,,,,,,,,,,
2000-01-04,40.94,,,,,,,,,,,,,
2000-01-05,40.84,,,,,,,,,,,,,
2000-01-06,38.75,,,,,,,,,,,,,
2000-01-07,38.44,,,,,,,,,,,,,
2000-01-10,41.63,,,,,,,,,,,,,
2000-01-11,39.81,,,,,,,,,,,,,
2000-01-12,39.31,,,,,,,,,,,,,
2000-01-13,43.5,,,,,,,,,,,,,
2000-01-14,44.63,,,,,,,,,,,,,
2000-01-18,47.5,,,,,,,,,,,,,
2000-01-19,47.63,,,,,,,,,,,,,
2000-01-20,48.5,,,,,,,,,,,,,
2000-01-21,47.56,,,,,,,,,,,,,
2000-01-24,44.06,,,,,,,,,,,,,
2000-01-25,42.25,,,,,,,,,,,,,
2000-01-26,40.88,,,,,,,,,,,,,
2000-01-27,40.88,,,,,,,,,,,,,
2000-01-28,38.94,,,,,,,,,,,,,
2000-01-31,37.81,,,,,,,,,,,,,
2000-02-01,41.75,,,,,,,,,,,,,
2000-02-02,42.31,,,,,,,,,,,,,
2000-02-03,42.38,,,,,,,,,,,,,
2000-02-04,42.0,,,,,,,,,,,,,
2000-02-07,41.25,,,,,,,,,,,,,
2000-02-08,41.88,,,,,,,,,,,,,
2000-02-09,41.69,,,,,,,,,,,,,
2000-02-10,43.19,,,,,,,,,,,,,
2000-02-11,43.75,,,,,,,,,,,,,
2000-02-14,43.5,,,,,,,,,,,,,
2000-02-15,43.5,,,,,,,,,,,,,
2000-02-16,46.56,,,,,,,,,,,,,
2000-02-17,50.25,,,,,,,,,,,,,
2000-02-18,48.5,,,,,,,,,,,,,
2000-02-22,46.81,,,,,,,,,,,,,
2000-02-23,47.75,,,,,,,,,,,,,
2000-02-24,46.13,,,,,,,,,,,,,
2000-02-25,46.31,,,,,,,,,,,,,
2000-02-28,47.94,,,,,,,,,,,,,
2000-02-29,51.38,,,,,,,,,,,,,
2000-03-01,52.0,,,,,,,,,,,,,
2000-03-02,57.38,,,,,,,,,,,,,
2000-03-03,58.44,,,,,,,,,,,,,
2000-03-06,59.38,,,,,,,,,,,,,
2000-03-07,61.94,,,,,,,,,,,,,
2000-03-08,59.75,,,,,,,,,,,,,
2000-03-09,62.23,,,,,,,,,,,,,
2000-03-10,61.13,,,,,,,,,,,,,
2000-03-13,64.69,,,,,,,,,,,,,
2000-03-14,59.81,,,,,,,,,,,,,
2000-03-15,66.94,,,,,,,,,,,,,
2000-03-16,64.63,,,,,,,,,,,,,
2000-03-17,73.69,,,,,,,,,,,,,
2000-03-20,65.88,,,,,,,,,,,,,
2000-03-21,61.75,,,,,,,,,,,,,
2000-03-22,65.13,,,,,,,,,,,,,
2000-03-23,65.75,,,,,,,,,,,,,
2000-03-24,65.12,,,,,,,,,,,,,
2000-03-27,66.5,,,,,,,,,,,,,
2000-03-28,61.94,,,,,,,,,,,,,
2000-03-29,55.0,,,,,,,,,,,,,
2000-03-30,49.88,,,,,,,,,,,,,
2000-03-31,48.81,,,,,,,,,,,,,
2000-04-03,50.44,,,,,,,,,,,,,
2000-04-04,48.69,,,,,,,,,,,,,
2000-04-05,53.88,,,,,,,,,,,,,
2000-04-06,58.56,,,,,,,,,,,,,
2000-04-07,60.0,,,,,,,,,,,,,
2000-04-10,56.75,,,,,,,,,,,,,
2000-04-11,53.63,,,,,,,,,,,,,
2000-04-12,49.44,,,,,,,,,,,,,
2000-04-13,48.81,,,,,,,,,,,,,
2000-04-14,45.7,,,,,,,,,,,,,
2000-04-17,46.13,,,,,,,,,,,,,
2000-04-18,56.5,,,,,,,,,,,,,
2000-04-19,52.0,,,,,,,,,,,,,
2000-04-20,50.13,,,,,,,,,,,,,
2000-04-24,47.94,,,,,,,,,,,,,
2000-04-25,52.75,,,,,,,,,,,,,
2000-04-26,47.25,,,,,,,,,,,,,
2000-04-27,46.25,,,,,,,,,,,,,
2000-04-28,46.13,,,,,,,,,,,,,
2000-05-01,45.0,,,,,,,,,,,,,
2000-05-02,43.38,,,,,,,,,,,,,
2000-05-03,43.0,,,,,,,,,,,,,
2000-05-04,43.25,,,,,,,,,,,,,
2000-05-05,43.13,,,,,,,,,,,,,
2000-05-08,42.06,,,,,,,,,,,,,
2000-05-09,43.25,,,,,,,,,,,,,
2000-05-10,40.88,,,,,,,,,,,,,
2000-05-11,45.38,,,,,,,,,,,,,
2000-05-12,47.0,,,,,,,,,,,,,
2000-05-15,45.31,,,,,,,,,,,,,
2000-05-16,46.56,,,,,,,,,,,,,
2000-05-17,46.75,,,,,,,,,,,,,
2000-05-18,49.81,,,,,,,,,,,,,
2000-05-19,48.63,,,,,,,,,,,,,
2000-05-22,47.81,,,,,,,,,,,,,
2000-05-23,50.19,,,,,,,,,,,,,
2000-05-24,51.5,,,,,,,,,,,,,
2000-05-25,51.5,,,,,,,,,,,,,
2000-05-26,51.0,,,,,,,,,,,,,
2000-05-30,51.06,,,,,,,,,,,,,
2000-05-31,49.75,,,,,,,,,,,,,
2000-06-01,57.19,,,,,,,,,,,,,
2000-06-02,57.38,,,,,,,,,,,,,
2000-06-05,56.13,,,,,,,,,,,,,
2000-06-06,56.5,,,,,,,,,,,,,
2000-06-07,58.75,,,,,,,,,,,,,
2000-06-08,55.69,,,,,,,,,,,,,
2000-06-09,55.19,,,,,,,,,,,,,
2000-06-12,54.63,,,,,,,,,,,,,
2000-06-13,51.94,,,,,,,,,,,,,
2000-06-14,46.75,,,,,,,,,,,,,
2000-06-15,44.44,,,,,,,,,,,,,
2000-06-16,50.81,,,,,,,,,,,,,
2000-06-19,48.88,,,,,,,,,,,,,
2000-06-20,52.81,,,,,,,,,,,,,
2000-06-21,51.81,,,,,,,,,,,,,
2000-06-22,51.81,,,,,,,,,,,,,
2000-06-23,50.75,,,,,,,,,,,,,
2000-06-26,48.5,,,,,,,,,,,,,
2000-06-27,49.69,,,,,,,,,,,,,
2000-06-28,49.63,,,,,,,,,,,,,
2000-06-29,57.06,,,,,,,,,,,,,
2000-06-30,56.06,,,,,,,,,,,,,
2000-07-03,57.0,,,,,,,,,,,,,
2000-07-05,55.94,,,,,,,,,,,,,
2000-07-06,56.0,,,,,,,,,,,,,
2000-07-07,55.0,,,,,,,,,,,,,
2000-07-10,60.0,,,,,,,,,,,,,
2000-07-11,57.0,,,,,,,,,,,,,
2000-07-12,57.44,,,,,,,,,,,,,
2000-07-13,58.31,,,,,,,,,,,,,
2000-07-14,58.5,,,,,,,,,,,,,
2000-07-17,56.13,,,,,,,,,,,,,
2000-07-18,56.31,,,,,,,,,,,,,
2000-07-19,51.5,,,,,,,,,,,,,
2000-07-20,53.25,,,,,,,,,,,,,
2000-07-21,48.02,,,,,,,,,,,,,
2000-07-24,50.69,,,,,,,,,,,,,
2000-07-25,49.38,,,,,,,,,,,,,
2000-07-26,49.19,,,,,,,,,,,,,
2000-07-27,56.25,,,,,,,,,,,,,
2000-07-28,54.69,,,,,,,,,,,,,
2000-07-31,53.19,,,,,,,,,,,,,
2000-08-01,52.56,,,,,,,,,,,,,
2000-08-02,51.63,,,,,,,,,,,,,
2000-08-03,52.75,,,,,,,,,,,,,
2000-08-04,54.31,,,,,,,,,,,,,
2000-08-07,53.05,,,,,,,,,,,,,
2000-08-08,52.06,,,,,,,,,,,,,
2000-08-09,49.56,,,,,,,,,,,,,
2000-08-10,47.56,,,,,,,,,,,,,
2000-08-11,46.0,,,,,,,,,,,,,
2000-08-14,42.31,,,,,,,,,,,,,
2000-08-15,45.25,,,,,,,,,,,,,
2000-08-16,46.81,,,,,,,,,,,,,
2000-08-17,49.19,,,,,,,,,,,,,
2000-08-18,47.31,,,,,,,,,,,,,
2000-08-21,47.81,,,,,,,,,,,,,
2000-08-22,48.5,,,,,,,,,,,,,
2000-08-23,48.5,,,,,,,,,,,,,
2000-08-24,48.5,,,,,,,,,,,,,
2000-08-25,47.5,,,,,,,,,,,,,
2000-08-28,44.94,,,,,,,,,,,,,
2000-08-29,44.63,,,,,,,,,,,,,
2000-08-30,44.13,,,,,,,,,,,,,
2000-08-31,45.19,,,,,,,,,,,,,
2000-09-01,47.06,,,,,,,,,,,,,
2000-09-05,46.38,,,,,,,,,,,,,
2000-09-06,44.08,,,,,,,,,,,,,
2000-09-07,45.94,,,,,,,,,,,,,
2000-09-08,44.38,,,,,,,,,,,,,
2000-09-11,46.0,,,,,,,,,,,,,
2000-09-12,49.69,,,,,,,,,,,,,
2000-09-13,48.69,,,,,,,,,,,,,
2000-09-14,49.81,,,,,,,,,,,,,
2000-09-15,48.63,,,,,,,,,,,,,
2000-09-18,45.81,,,,,,,,,,,,,
2000-09-19,49.56,,,,,,,,,,,,,
2000-09-20,50.0,,,,,,,,,,,,,
2000-09-21,48.0,,,,,,,,,,,,,
2000-09-22,49.19,,,,,,,,,,,,,
2000-09-25,50.81,,,,,,,,,,,,,
2000-09-26,49.75,,,,,,,,,,,,,
2000-09-27,49.5,,,,,,,,,,,,,
2000-09-28,29.94,,,,,,,,,,,,,
2000-09-29,29.0,,,,,,,,,,,,,
2000-10-02,29.88,,,,,,,,,,,,,
2000-10-03,29.63,,,,,,,,,,,,,
2000-10-04,31.31,,,,,,,,,,,,,
2000-10-05,30.44,,,,,,,,,,,,,
2000-10-06,29.63,,,,,,,,,,,,,
2000-10-09,29.25,,,,,,,,,,,,,
2000-10-10,27.94,,,,,,,,,,,,,
2000-10-11,46.63,,,,,,,,,,,,,
2000-10-12,43.81,,,,,,,,,,,,,
2000-10-13,42.31,,,,,,,,,,,,,
2000-10-16,44.44,,,,,,,,,,,,,
2000-10-17,44.5,,,,,,,,,,,,,
2000-10-18,45.44,,,,,,,,,,,,,
2000-10-19,48.0,,,,,,,,,,,,,
2000-10-20,47.42,,,,,,,,,,,,,
2000-10-23,45.81,,,,,,,,,,,,,
2000-10-24,48.0,,,,,,,,,,,,,
2000-10-25,46.13,,,,,,,,,,,,,
2000-10-26,49.75,,,,,,,,,,,,,
2000-10-27,50.0,,,,,,,,,,,,,
2000-10-30,48.5,,,,,,,,,,,,,
2000-10-31,46.44,,,,,,,,,,,,,
2000-11-01,47.69,,,,,,,,,,,,,
2000-11-02,49.0,,,,,,,,,,,,,
2000-11-03,48.94,,,,,,,,,,,,,
2000-11-06,49.63,,,,,,,,,,,,,
2000-11-07,50.25,,,,,,,,,,,,,
2000-11-08,49.13,,,,,,,,,,,,,
2000-11-09,49.38,,,,,,,,,,,,,
2000-11-10,47.88,,,,,,,,,,,,,
2000-11-13,44.81,,,,,,,,,,,,,
2000-11-14,46.5,,,,,,,,,,,,,
2000-11-15,43.75,,,,,,,,,,,,,
2000-11-16,43.38,,,,,,,,,,,,,
2000-11-17,45.69,,,,,,,,,,,,,
2000-11-20,43.88,,,,,,,,,,,,,
2000-11-21,40.63,,,,,,,,,,,,,
2000-11-22,45.06,,,,,,,,,,,,,
2000-11-24,45.75,,,,,,,,,,,,,
2000-11-27,44.94,,,,,,,,,,,,,
2000-11-28,42.38,,,,,,,,,,,,,
2000-11-29,42.0,,,,,,,,,,,,,
2000-11-30,45.44,,,,,,,,,,,,,
2000-12-01,44.25,,,,,,,,,,,,,
2000-12-04,43.75,,,,,,,,,,,,,
2000-12-05,49.94,,,,,,,,,,,,,
2000-12-06,48.88,,,,,,,,,,,,,
2000-12-07,45.94,,,,,,,,,,,,,
2000-12-08,48.31,,,,,,,,,,,,,
2000-12-11,48.56,,,,,,,,,,,,,
2000-12-12,48.19,,,,,,,,,,,,,
2000-12-13,47.06,,,,,,,,,,,,,
2000-12-14,46.63,,,,,,,,,,,,,
2000-12-15,47.44,,,,,,,,,,,,,
2000-12-18,46.25,,,,,,,,,,,,,
2000-12-19,47.44,,,,,,,,,,,,,
2000-12-20,43.0,,,,,,,,,,,,,
2000-12-21,43.44,,,,,,,,,,,,,
2000-12-22,48.06,,,,,,,,,,,,,
2000-12-26,47.0,,,,,,,,,,,,,
2000-12-27,46.94,,,,,,,,,,,,,
2000-12-28,46.94,,,,,,,,,,,,,
2000-12-29,46.94,,,,,,,,,,,,,
2001-01-02,44.75,,,,,,,,,,,,,
2001-01-03,45.0,,,,,,,,,,,,,
2001-01-04,45.88,,,,,,,,,,,,,
2001-01-05,43.25,,,,,,,,,,,,,
2001-01-08,44.06,,,,,,,,,,,,,
2001-01-09,45.25,,,,,,,,,,,,,
2001-01-10,46.5,,,,,,,,,,,,,
2001-01-11,46.19,,,,,,,,,,,,,
2001-01-12,46.19,,,,,,,,,,,,,
2001-01-16,47.0,,,,,,,,,,,,,
2001-01-17,47.0,,,,,,,,,,,,,
2001-01-18,51.56,,,,,,,,,,,,,
2001-01-19,49.0,,,,,,,,,,,,,
2001-01-22,49.13,,,,,,,,,,,,,
2001-01-23,51.25,,,,,,,,,,,,,
2001-01-24,49.44,,,,,,,,,,,,,
2001-01-25,45.75,,,,,,,,,,,,,
2001-01-26,45.69,,,,,,,,,,,,,
2001-01-29,45.25,,,,,,,,,,,,,
2001-01-30,44.56,,,,,,,,,,,,,
2001-01-31,44.38,,,,,,,,,,,,,
2001-02-01,42.44,,,,,,,,,,,,,
2001-02-02,40.81,,,,,,,,,,,,,
2001-02-05,40.25,,,,,,,,,,,,,
2001-02-06,41.38,,,,,,,,,,,,,
2001-02-07,40.94,,,,,,,,,,,,,
2001-02-08,42.81,,,,,,,,,,,,,
2001-02-09,42.44,,,,,,,,,,,,,
2001-02-12,41.94,,,,,,,,,,,,,
2001-02-13,41.31,,,,,,,,,,,,,
2001-02-14,38.5,,,,,,,,,,,,,
2001-02-15,39.13,,,,,,,,,,,,,
2001-02-16,36.13,,,,,,,,,,,,,
2001-02-20,35.72,,,,,,,,,,,,,
2001-02-21,35.81,,,,,,,,,,,,,
2001-02-22,37.63,,,,,,,,,,,,,
2001-02-23,38.23,,,,,,,,,,,,,
2001-02-26,36.88,,,,,,,,,,,,,
2001-02-27,37.13,,,,,,,,,,,,,
2001-02-28,37.69,,,,,,,,,,,,,
2001-03-01,37.81,,,,,,,,,,,,,
2001-03-02,40.94,,,,,,,,,,,,,
2001-03-05,41.0,,,,,,,,,,,,,
2001-03-06,42.88,,,,,,,,,,,,,
2001-03-07,43.06,,,,,,,,,,,,,
2001-03-08,42.5,,,,,,,,,,,,,
2001-03-09,43.44,,,,,,,,,,,,,
2001-03-12,43.13,,,,,,,,,,,,,
2001-03-13,42.5,,,,,,,,,,,,,
2001-03-14,41.56,,,,,,,,,,,,,
2001-03-15,41.5,,,,,,,,,,,,,
2001-03-16,40.31,,,,,,,,,,,,,
2001-03-19,41.69,,,,,,,,,,,,,
2001-03-20,41.06,,,,,,,,,,,,,
2001-03-21,40.25,,,,,,,,,,,,,
2001-03-22,39.25,,,,,,,,,,,,,
2001-03-23,40.63,,,,,,,,,,,,,
2001-03-26,41.5,,,,,,,,,,,,,
2001-03-27,42.25,,,,,,,,,,,,,
2001-03-28,42.69,,,,,,,,,,,,,
2001-03-29,41.94,,,,,,,,,,,,,
2001-03-30,41.19,,,,,,,,,,,,,
2001-04-02,39.81,,,,,,,,,,,,,
2001-04-03,37.06,,,,,,,,,,,,,
2001-04-04,37.06,,,,,,,,,,,,,
2001-04-05,40.06,,,,,,,,,,,,,
2001-04-06,40.88,,,,,,,,,,,,,
2001-04-09,42.07,,,,,,,,,,,,,
2001-04-10,45.15,,,,,,,,,,,,,
2001-04-11,46.9,,,,,,,,,,,,,
2001-04-12,47.76,,,,,,,,,,,,,
2001-04-16,47.02,,,,,,,,,,,,,
2001-04-17,48.5,,,,,,,,,,,,,
2001-04-18,51.5,,,,,,,,,,,,,
2001-04-19,51.47,,,,,,,,,,,,,
2001-04-20,48.09,,,,,,,,,,,,,
2001-04-23,45.55,,,,,,,,,,,,,
2001-04-24,45.92,,,,,,,,,,,,,
2001-04-25,46.26,,,,,,,,,,,,,
2001-04-26,54.91,,,,,,,,,,,,,
2001-04-27,55.98,,,,,,,,,,,,,
2001-04-30,58.21,,,,,,,,,,,,,
2001-05-01,59.35,,,,,,,,,,,,,
2001-05-02,58.55,,,,,,,,,,,,,
2001-05-03,57.01,,,,,,,,,,,,,
2001-05-04,56.95,,,,,,,,,,,,,
2001-05-07,58.5,,,,,,,,,,,,,
2001-05-08,58.82,,,,,,,,,,,,,
2001-05-09,58.74,,,,,,,,,,,,,
2001-05-10,59.08,,,,,,,,,,,,,
2001-05-11,59.0,,,,,,,,,,,,,
2001-05-14,58.32,,,,,,,,,,,,,
2001-05-15,61.43,,,,,,,,,,,,,
2001-05-16,60.2,,,,,,,,,,,,,
2001-05-17,60.1,,,,,,,,,,,,,
2001-05-18,60.06,,,,,,,,,,,,,
2001-05-21,62.33,,,,,,,,,,,,,
2001-05-22,63.3,,,,,,,,,,,,,
2001-05-23,60.97,,,,,,,,,,,,,
2001-05-24,61.8,,,,,,,,,,,,,
2001-05-25,61.31,,,,,,,,,,,,,
2001-05-29,60.33,,,,,,,,,,,,,
2001-05-30,59.71,,,,,,,,,,,,,
2001-05-31,60.27,,,,,,,,,,,,,
2001-06-01,60.35,,,,,,,,,,,,,
2001-06-04,59.5,,,,,,,,,,,,,
2001-06-05,62.2,,,,,,,,,,,,,
2001-06-06,61.55,,,,,,,,,,,,,
2001-06-07,62.68,,,,,,,,,,,,,
2001-06-08,59.8,,,,,,,,,,,,,
2001-06-11,60.39,,,,,,,,,,,,,
2001-06-12,60.36,,,,,,,,,,,,,
2001-06-13,59.5,,,,,,,,,,,,,
2001-06-14,58.8,,,,,,,,,,,,,
2001-06-15,57.3,,,,,,,,,,,,,
2001-06-18,56.75,,,,,,,,,,,,,
2001-06-19,55.51,,,,,,,,,,,,,
2001-06-20,56.15,,,,,,,,,,,,,
2001-06-21,54.95,,,,,,,,,,,,,
2001-06-22,55.56,,,,,,,,,,,,,
2001-06-25,55.94,,,,,,,,,,,,,
2001-06-26,55.45,,,,,,,,,,,,,
2001-06-27,56.98,,,,,,,,,,,,,
2001-06-28,57.73,,,,,,,,,,,,,
2001-06-29,58.0,,,,,,,,,,,,,
2001-07-02,59.0,,,,,,,,,,,,,
2001-07-03,58.95,,,,,,,,,,,,,
2001-07-05,57.26,,,,,,,,,,,,,
2001-07-06,56.64,,,,,,,,,,,,,
2001-07-09,56.39,,,,,,,,,,,,,
2001-07-10,56.89,,,,,,,,,,,,,
2001-07-11,56.5,,,,,,,,,,,,,
2001-07-12,54.07,,,,,,,,,,,,,
2001-07-13,54.01,,,,,,,,,,,,,
2001-07-16,52.65,,,,,,,,,,,,,
2001-07-17,54.1,,,,,,,,,,,,,
2001-07-18,53.29,,,,,,,,,,,,,
2001-07-19,52.76,,,,,,,,,,,,,
2001-07-20,53.54,,,,,,,,,,,,,
2001-07-23,51.4,,,,,,,,,,,,,
2001-07-24,48.15,,,,,,,,,,,,,
2001-07-25,45.3,,,,,,,,,,,,,
2001-07-26,51.51,,,,,,,,,,,,,
2001-07-27,51.51,,,,,,,,,,,,,
2001-07-30,50.63,,,,,,,,,,,,,
2001-07-31,47.16,,,,,,,,,,,,,
2001-08-01,48.92,,,,,,,,,,,,,
2001-08-02,48.96,,,,,,,,,,,,,
2001-08-03,49.3,,,,,,,,,,,,,
2001-08-06,49.1,,,,,,,,,,,,,
2001-08-07,48.79,,,,,,,,,,,,,
2001-08-08,48.24,,,,,,,,,,,,,
2001-08-09,47.28,,,,,,,,,,,,,
2001-08-10,47.52,,,,,,,,,,,,,
2001-08-13,47.8,,,,,,,,,,,,,
2001-08-14,47.3,,,,,,,,,,,,,
2001-08-15,46.39,,,,,,,,,,,,,
2001-08-16,46.55,,,,,,,,,,,,,
2001-08-17,45.2,,,,,,,,,,,,,
2001-08-20,45.99,,,,,,,,,,,,,
2001-08-21,45.11,,,,,,,,,,,,,
2001-08-22,46.6,,,,,,,,,,,,,
2001-08-23,46.49,,,,,,,,,,,,,
2001-08-24,48.0,,,,,,,,,,,,,
2001-08-27,49.12,,,,,,,,,,,,,
2001-08-28,47.45,,,,,,,,,,,,,
2001-08-29,47.99,,,,,,,,,,,,,
2001-08-30,46.09,,,,,,,,,,,,,
2001-08-31,45.9,,,,,,,,,,,,,
2001-09-04,44.6,,,,,,,,,,,,,
2001-09-05,42.59,,,,,,,,,,,,,
2001-09-06,42.58,,,,,,,,,,,,,
2001-09-07,42.11,,,,,,,,,,,,,
2001-09-10,41.75,,,,,,,,,,,,,
2001-09-17,40.37,,,,,,,,,,,,,
2001-09-18,41.5,,,,,,,,,,,,,
2001-09-19,41.95,,,,,,,,,,,,,
2001-09-20,41.62,,,,,,,,,,,,,
2001-09-21,41.41,,,,,,,,,,,,,
2001-09-24,43.2,,,,,,,,,,,,,
2001-09-25,41.96,,,,,,,,,,,,,
2001-09-26,42.0,,,,,,,,,,,,,
2001-09-27,42.9,,,,,,,,,,,,,
2001-09-28,41.0,,,,,,,,,,,,,
2001-10-01,39.29,,,,,,,,,,,,,
2001-10-02,38.44,,,,,,,,,,,,,
2001-10-03,39.86,,,,,,,,,,,,,
2001-10-04,38.68,,,,,,,,,,,,,
2001-10-05,40.13,,,,,,,,,,,,,
2001-10-08,40.34,,,,,,,,,,,,,
2001-10-09,40.24,,,,,,,,,,,,,
2001-10-10,41.95,,,,,,,,,,,,,
2001-10-11,42.01,,,,,,,,,,,,,
2001-10-12,41.7,,,,,,,,,,,,,
2001-10-15,39.44,,,,,,,,,,,,,
2001-10-16,39.39,,,,,,,,,,,,,
2001-10-17,38.0,,,,,,,,,,,,,
2001-10-18,37.78,,,,,,,,,,,,,
2001-10-19,39.23,,,,,,,,,,,,,
2001-10-22,37.6,,,,,,,,,,,,,
2001-10-23,36.9,,,,,,,,,,,,,
2001-10-24,38.33,,,,,,,,,,,,,
2001-10-25,38.66,,,,,,,,,,,,,
2001-10-26,40.02,,,,,,,,,,,,,
2001-10-29,39.2,,,,,,,,,,,,,
2001-10-30,31.76,,,,,,,,,,,,,
2001-10-31,31.26,,,,,,,,,,,,,
2001-11-01,33.5,,,,,,,,,,,,,
2001-11-02,33.69,,,,,,,,,,,,,
2001-11-05,34.75,,,,,,,,,,,,,
2001-11-06,33.96,,,,,,,,,,,,,
2001-11-07,33.73,,,,,,,,,,,,,
2001-11-08,33.11,,,,,,,,,,,,,
2001-11-09,33.13,,,,,,,,,,,,,
2001-11-12,33.03,,,,,,,,,,,,,
2001-11-13,33.71,,,,,,,,,,,,,
2001-11-14,33.73,,,,,,,,,,,,,
2001-11-15,33.64,,,,,,,,,,,,,
2001-11-16,35.34,,,,,,,,,,,,,
2001-11-19,33.6,,,,,,,,,,,,,
2001-11-20,33.25,,,,,,,,,,,,,
2001-11-21,33.4,,,,,,,,,,,,,
2001-11-23,34.7,,,,,,,,,,,,,
2001-11-26,34.29,,,,,,,,,,,,,
2001-11-27,32.65,,,,,,,,,,,,,
2001-11-28,31.53,,,,,,,,,,,,,
2001-11-29,30.76,,,,,,,,,,,,,
2001-11-30,30.95,,,,,,,,,,,,,
2001-12-03,32.41,,,,,,,,,,,,,
2001-12-04,32.62,,,,,,,,,,,,,
2001-12-05,33.93,,,,,,,,,,,,,
2001-12-06,35.28,,,,,,,,,,,,,
2001-12-07,34.61,,,,,,,,,,,,,
2001-12-10,35.36,,,,,,,,,,,,,
2001-12-11,35.11,,,,,,,,,,,,,
2001-12-12,35.04,,,,,,,,,,,,,
2001-12-13,34.21,,,,,,,,,,,,,
2001-12-14,34.43,,,,,,,,,,,,,
2001-12-17,35.04,,,,,,,,,,,,,
2001-12-18,35.24,,,,,,,,,,,,,
2001-12-19,36.01,,,,,,,,,,,,,
2001-12-20,38.0,,,,,,,,,,,,,
2001-12-21,38.1,,,,,,,,,,,,,
2001-12-24,40.65,,,,,,,,,,,,,
2001-12-26,41.99,,,,,,,,,,,,,
2001-12-27,41.49,,,,,,,,,,,,,
2001-12-28,41.2,,,,,,,,,,,,,
2001-12-31,40.45,,,,,,,,,,,,,
2002-01-02,40.5,,,,,,,,,,,,,
2002-01-03,39.77,,,,,,,,,,,,,
2002-01-04,39.99,,,,,,,,,,,,,
2002-01-07,38.59,,,,,,,,,,,,,
2002-01-08,38.3,,,,,,,,,,,,,
2002-01-09,40.91,,,,,,,,,,,,,
2002-01-10,40.5,,,,,,,,,,,,,
2002-01-11,40.3,,,,,,,,,,,,,
2002-01-14,39.26,,,,,,,,,,,,,
2002-01-15,39.41,,,,,,,,,,,,,
2002-01-16,36.44,,,,,,,,,,,,,
2002-01-17,34.95,,,,,,,,,,,,,
2002-01-18,35.12,,,,,,,,,,,,,
2002-01-22,35.02,,,,,,,,,,,,,
2002-01-23,35.74,,,,,,,,,,,,,
2002-01-24,35.77,,,,,,,,,,,,,
2002-01-25,35.95,,,,,,,,,,,,,
2002-01-28,36.14,,,,,,,,,,,,,
2002-01-29,37.47,,,,,,,,,,,,,
2002-01-30,37.36,,,,,,,,,,,,,
2002-01-31,37.11,,,,,,,,,,,,,
2002-02-01,38.59,,,,,,,,,,,,,
2002-02-04,36.99,,,,,,,,,,,,,
2002-02-05,36.15,,,,,,,,,,,,,
2002-02-06,35.25,,,,,,,,,,,,,
2002-02-07,36.17,,,,,,,,,,,,,
2002-02-08,36.22,,,,,,,,,,,,,
2002-02-11,35.88,,,,,,,,,,,,,
2002-02-12,34.35,,,,,,,,,,,,,
2002-02-13,34.7,,,,,,,,,,,,,
2002-02-14,31.54,,,,,,,,,,,,,
2002-02-15,31.25,,,,,,,,,,,,,
2002-02-19,30.66,,,,,,,,,,,,,
2002-02-20,31.14,,,,,,,,,,,,,
2002-02-21,30.51,,,,,,,,,,,,,
2002-02-22,30.83,,,,,,,,,,,,,
2002-02-25,31.66,,,,,,,,,,,,,
2002-02-26,32.08,,,,,,,,,,,,,
2002-02-27,32.26,,,,,,,,,,,,,
2002-02-28,31.18,,,,,,,,,,,,,
2002-03-01,32.91,,,,,,,,,,,,,
2002-03-04,34.77,,,,,,,,,,,,,
2002-03-05,33.87,,,,,,,,,,,,,
2002-03-06,35.68,,,,,,,,,,,,,
2002-03-07,36.17,,,,,,,,,,,,,
2002-03-08,36.28,,,,,,,,,,,,,
2002-03-11,36.6,,,,,,,,,,,,,
2002-03-12,36.97,,,,,,,,,,,,,
2002-03-13,35.45,,,,,,,,,,,,,
2002-03-14,30.14,,,,,,,,,,,,,
2002-03-15,30.85,,,,,,,,,,,,,
2002-03-18,31.68,,,,,,,,,,,,,
2002-03-19,31.76,,,,,,,,,,,,,
2002-03-20,30.28,,,,,,,,,,,,,
2002-03-21,30.81,,,,,,,,,,,,,
2002-03-22,30.82,,,,,,,,,,,,,
2002-03-25,30.43,,,,,,,,,,,,,
2002-03-26,30.41,,,,,,,,,,,,,
2002-03-27,30.3,,,,,,,,,,,,,
2002-03-28,28.47,,,,,,,,,,,,,
2002-04-01,27.17,,,,,,,,,,,,,
2002-04-02,26.43,,,,,,,,,,,,,
2002-04-03,26.35,,,,,,,,,,,,,
2002-04-04,25.78,,,,,,,,,,,,,
2002-04-05,24.55,,,,,,,,,,,,,
2002-04-08,25.09,,,,,,,,,,,,,
2002-04-09,25.92,,,,,,,,,,,,,
2002-04-10,26.0,,,,,,,,,,,,,
2002-04-11,24.81,,,,,,,,,,,,,
2002-04-12,24.28,,,,,,,,,,,,,
2002-04-15,24.71,,,,,,,,,,,,,
2002-04-16,26.44,,,,,,,,,,,,,
2002-04-17,26.65,,,,,,,,,,,,,
2002-04-18,24.88,,,,,,,,,,,,,
2002-04-19,26.0,,,,,,,,,,,,,
2002-04-22,25.4,,,,,,,,,,,,,
2002-04-23,25.63,,,,,,,,,,,,,
2002-04-24,26.32,,,,,,,,,,,,,
2002-04-25,26.4,,,,,,,,,,,,,
2002-04-26,25.62,,,,,,,,,,,,,
2002-04-29,25.96,,,,,,,,,,,,,
2002-04-30,26.22,,,,,,,,,,,,,
2002-05-01,27.5,,,,,,,,,,,,,
2002-05-02,27.04,,,,,,,,,,,,,
2002-05-03,27.02,,,,,,,,,,,,,
2002-05-06,26.54,,,,,,,,,,,,,
2002-05-07,27.25,,,,,,,,,,,,,
2002-05-08,30.01,,,,,,,,,,,,,
2002-05-09,28.81,,,,,,,,,,,,,
2002-05-10,28.2,,,,,,,,,,,,,
2002-05-13,26.02,,,,,,,,,,,,,
2002-05-14,26.92,,,,,,,,,,,,,
2002-05-15,27.66,,,,,,,,,,,,,
2002-05-16,27.18,,,,,,,,,,,,,
2002-05-17,28.59,,,,,,,,,,,,,
2002-05-20,28.35,,,,,,,,,,,,,
2002-05-21,26.66,,,,,,,,,,,,,
2002-05-22,26.99,,,,,,,,,,,,,
2002-05-23,27.76,,,,,,,,,,,,,
2002-05-24,27.91,,,,,,,,,,,,,
2002-05-28,26.61,,,,,,,,,,,,,
2002-05-29,26.35,,,,,,,,,,,,,
2002-05-30,26.99,,,,,,,,,,,,,
2002-05-31,26.53,,,,,,,,,,,,,
2002-06-03,25.75,,,,,,,,,,,,,
2002-06-04,25.7,,,,,,,,,,,,,
2002-06-05,25.15,,,,,,,,,,,,,
2002-06-06,24.78,,,,,,,,,,,,,
2002-06-07,24.5,,,,,,,,,,,,,
2002-06-10,24.54,,,,,,,,,,,,,
2002-06-11,24.04,,,,,,,,,,,,,
2002-06-12,23.66,,,,,,,,,,,,,
2002-06-13,24.58,,,,,,,,,,,,,
2002-06-14,24.94,,,,,,,,,,,,,
2002-06-17,26.18,,,,,,,,,,,,,
2002-06-18,26.1,,,,,,,,,,,,,
2002-06-19,26.35,,,,,,,,,,,,,
2002-06-20,25.71,,,,,,,,,,,,,
2002-06-21,22.1,,,,,,,,,,,,,
2002-06-24,20.8,,,,,,,,,,,,,
2002-06-25,19.4,,,,,,,,,,,,,
2002-06-26,19.81,,,,,,,,,,,,,
2002-06-27,18.25,,,,,,,,,,,,,
2002-06-28,19.14,,,,,,,,,,,,,
2002-07-01,17.73,,,,,,,,,,,,,
2002-07-02,17.28,,,,,,,,,,,,,
2002-07-03,17.44,,,,,,,,,,,,,
2002-07-05,18.52,,,,,,,,,,,,,
2002-07-08,17.9,,,,,,,,,,,,,
2002-07-09,15.77,,,,,,,,,,,,,
2002-07-10,15.71,,,,,,,,,,,,,
2002-07-11,16.61,,,,,,,,,,,,,
2002-07-12,15.8,,,,,,,,,,,,,
2002-07-15,16.71,,,,,,,,,,,,,
2002-07-16,17.5,,,,,,,,,,,,,
2002-07-17,17.4,,,,,,,,,,,,,
2002-07-18,16.52,,,,,,,,,,,,,
2002-07-19,16.32,,,,,,,,,,,,,
2002-07-22,16.15,,,,,,,,,,,,,
2002-07-23,15.26,,,,,,,,,,,,,
2002-07-24,15.17,,,,,,,,,,,,,
2002-07-25,14.84,,,,,,,,,,,,,
2002-07-26,15.06,,,,,,,,,,,,,
2002-07-29,15.77,,,,,,,,,,,,,
2002-07-30,10.5,,,,,,,,,,,,,
2002-07-31,11.57,,,,,,,,,,,,,
2002-08-01,11.19,,,,,,,,,,,,,
2002-08-02,10.3,,,,,,,,,,,,,
2002-08-05,10.51,,,,,,,,,,,,,
2002-08-06,10.87,,,,,,,,,,,,,
2002-08-07,10.66,,,,,,,,,,,,,
2002-08-08,10.83,,,,,,,,,,,,,
2002-08-09,10.74,,,,,,,,,,,,,
2002-08-12,10.69,,,,,,,,,,,,,
2002-08-13,10.61,,,,,,,,,,,,,
2002-08-14,11.52,,,,,,,,,,,,,
2002-08-15,11.07,,,,,,,,,,,,,
2002-08-16,11.38,,,,,,,,,,,,,
2002-08-19,11.98,,,,,,,,,,,,,
2002-08-20,12.08,,,,,,,,,,,,,
2002-08-21,12.5,,,,,,,,,,,,,
2002-08-22,12.92,,,,,,,,,,,,,
2002-08-23,12.42,,,,,,,,,,,,,
2002-08-26,12.71,,,,,,,,,,,,,
2002-08-27,12.28,,,,,,,,,,,,,
2002-08-28,11.53,,,,,,,,,,,,,
2002-08-29,12.05,,,,,,,,,,,,,
2002-08-30,11.89,,,,,,,,,,,,,
2002-09-03,11.55,,,,,,,,,,,,,
2002-09-04,11.78,,,,,,,,,,,,,
2002-09-05,11.25,,,,,,,,,,,,,
2002-09-06,12.1,,,,,,,,,,,,,
2002-09-09,11.91,,,,,,,,,,,,,
2002-09-10,12.11,,,,,,,,,,,,,
2002-09-11,11.96,,,,,,,,,,,,,
2002-09-12,11.79,,,,,,,,,,,,,
2002-09-13,11.98,,,,,,,,,,,,,
2002-09-16,11.64,,,,,,,,,,,,,
2002-09-17,11.62,,,,,,,,,,,,,
2002-09-18,11.76,,,,,,,,,,,,,
2002-09-19,11.22,,,,,,,,,,,,,
2002-09-20,10.4,,,,,,,,,,,,,
2002-09-23,10.41,,,,,,,,,,,,,
2002-09-24,10.15,,,,,,,,,,,,,
2002-09-25,10.13,,,,,,,,,,,,,
2002-09-26,10.67,,,,,,,,,,,,,
2002-09-27,11.07,,,,,,,,,,,,,
2002-09-30,10.9,,,,,,,,,,,,,
2002-10-01,11.02,,,,,,,,,,,,,
2002-10-02,10.21,,,,,,,,,,,,,
2002-10-03,10.51,,,,,,,,,,,,,
2002-10-04,10.0,,,,,,,,,,,,,
2002-10-07,9.28,,,,,,,,,,,,,
2002-10-08,9.39,,,,,,,,,,,,,
2002-10-09,8.98,,,,,,,,,,,,,
2002-10-10,9.89,,,,,,,,,,,,,
2002-10-11,10.28,,,,,,,,,,,,,
2002-10-14,10.61,,,,,,,,,,,,,
2002-10-15,11.24,,,,,,,,,,,,,
2002-10-16,10.84,,,,,,,,,,,,,
2002-10-17,11.41,,,,,,,,,,,,,
2002-10-18,11.43,,,,,,,,,,,,,
2002-10-21,12.01,,,,,,,,,,,,,
2002-10-22,11.58,,,,,,,,,,,,,
2002-10-23,11.68,,,,,,,,,,,,,
2002-10-24,11.37,,,,,,,,,,,,,
2002-10-25,11.98,,,,,,,,,,,,,
2002-10-28,11.76,,,,,,,,,,,,,
2002-10-29,11.95,,,,,,,,,,,,,
2002-10-30,12.33,,,,,,,,,,,,,
2002-10-31,12.98,,,,,,,,,,,,,
2002-11-01,13.1,,,,,,,,,,,,,
2002-11-04,14.54,,,,,,,,,,,,,
2002-11-05,14.59,,,,,,,,,,,,,
2002-11-06,14.46,,,,,,,,,,,,,
2002-11-07,14.58,,,,,,,,,,,,,
2002-11-08,14.35,,,,,,,,,,,,,
2002-11-11,14.0,,,,,,,,,,,,,
2002-11-12,14.47,,,,,,,,,,,,,
2002-11-13,14.75,,,,,,,,,,,,,
2002-11-14,15.56,,,,,,,,,,,,,
2002-11-15,16.03,,,,,,,,,,,,,
2002-11-18,15.9,,,,,,,,,,,,,
2002-11-19,15.68,,,,,,,,,,,,,
2002-11-20,16.68,,,,,,,,,,,,,
2002-11-21,17.15,,,,,,,,,,,,,
2002-11-22,14.8,,,,,,,,,,,,,
2002-11-25,14.9,,,,,,,,,,,,,
2002-11-26,14.4,,,,,,,,,,,,,
2002-11-27,14.44,,,,,,,,,,,,,
2002-11-29,14.1,,,,,,,,,,,,,
2002-12-02,14.27,,,,,,,,,,,,,
2002-12-03,14.8,,,,,,,,,,,,,
2002-12-04,14.58,,,,,,,,,,,,,
2002-12-05,14.35,,,,,,,,,,,,,
2002-12-06,14.22,,,,,,,,,,,,,
2002-12-09,13.52,,,,,,,,,,,,,
2002-12-10,13.9,,,,,,,,,,,,,
2002-12-11,13.88,,,,,,,,,,,,,
2002-12-12,14.0,,,,,,,,,,,,,
2002-12-13,13.65,,,,,,,,,,,,,
2002-12-16,14.1,,,,,,,,,,,,,
2002-12-17,13.69,,,,,,,,,,,,,
2002-12-18,13.41,,,,,,,,,,,,,
2002-12-19,13.33,,,,,,,,,,,,,
2002-12-20,13.45,,,,,,,,,,,,,
2002-12-23,13.45,,,,,,,,,,,,,
2002-12-24,13.36,,,,,,,,,,,,,
2002-12-26,13.35,,,,,,,,,,,,,
2002-12-27,13.22,,,,,,,,,,,,,
2002-12-30,13.14,,,,,,,,,,,,,
2002-12-31,13.65,,,,,,,,,,,,,
2003-01-02,13.65,,,,,,,,,,,,,
2003-01-03,13.55,,,,,,,,,,,,,
2003-01-06,13.94,,,,,,,,,,,,,
2003-01-07,13.85,,,,,,,,,,,,,
2003-01-08,13.82,,,,,,,,,,,,,
2003-01-09,14.61,,,,,,,,,,,,,
2003-01-10,15.11,,,,,,,,,,,,,
2003-01-13,15.12,,,,,,,,,,,,,
2003-01-14,15.02,,,,,,,,,,,,,
2003-01-15,15.01,,,,,,,,,,,,,
2003-01-16,15.36,,,,,,,,,,,,,
2003-01-17,15.05,,,,,,,,,,,,,
2003-01-21,14.9,,,,,,,,,,,,,
2003-01-22,13.7,,,,,,,,,,,,,
2003-01-23,13.84,,,,,,,,,,,,,
2003-01-24,13.85,,,,,,,,,,,,,
2003-01-27,14.04,,,,,,,,,,,,,
2003-01-28,13.96,,,,,,,,,,,,,
2003-01-29,13.96,,,,,,,,,,,,,
2003-01-30,10.48,,,,,,,,,,,,,
2003-01-31,10.4,,,,,,,,,,,,,
2003-02-03,10.5,,,,,,,,,,,,,
2003-02-04,10.15,,,,,,,,,,,,,
2003-02-05,9.829,,,,,,,,,,,,,
2003-02-06,9.63,,,,,,,,,,,,,
2003-02-07,9.67,,,,,,,,,,,,,
2003-02-10,9.36,,,,,,,,,,,,,
2003-02-11,9.41,,,,,,,,,,,,,
2003-02-12,9.49,,,,,,,,,,,,,
2003-02-13,9.27,,,,,,,,,,,,,
2003-02-14,9.58,,,,,,,,,,,,,
2003-02-18,9.58,,,,,,,,,,,,,
2003-02-19,9.53,,,,,,,,,,,,,
2003-02-20,9.62,,,,,,,,,,,,,
2003-02-21,9.72,,,,,,,,,,,,,
2003-02-24,9.25,,,,,,,,,,,,,
2003-02-25,9.37,,,,,,,,,,,,,
2003-02-26,9.08,,,,,,,,,,,,,
2003-02-27,9.1,,,,,,,,,,,,,
2003-02-28,9.65,,,,,,,,,,,,,
2003-03-03,9.261,,,,,,,,,,,,,
2003-03-04,9.1,,,,,,,,,,,,,
2003-03-05,9.11,,,,,,,,,,,,,
2003-03-06,9.09,,,,,,,,,,,,,
2003-03-07,9.37,,,,,,,,,,,,,
2003-03-10,9.12,,,,,,,,,,,,,
2003-03-11,8.94,,,,,,,,,,,,,
2003-03-12,8.91,,,,,,,,,,,,,
2003-03-13,9.0,,,,,,,,,,,,,
2003-03-14,9.16,,,,,,,,,,,,,
2003-03-17,9.59,,,,,,,,,,,,,
2003-03-18,9.94,,,,,,,,,,,,,
2003-03-19,9.87,,,,,,,,,,,,,
2003-03-20,10.39,,,,,,,,,,,,,
2003-03-21,10.25,,,,,,,,,,,,,
2003-03-24,9.85,,,,,,,,,,,,,
2003-03-25,10.24,,,,,,,,,,,,,
2003-03-26,10.06,,,,,,,,,,,,,
2003-03-27,10.21,,,,,,,,,,,,,
2003-03-28,10.28,,,,,,,,,,,,,
2003-03-31,8.67,,,,,,,,,,,,,
2003-04-01,9.0,,,,,,,,,,,,,
2003-04-02,8.96,,,,,,,,,,,,,
2003-04-03,8.5,,,,,,,,,,,,,
2003-04-04,8.4,,,,,,,,,,,,,
2003-04-07,9.13,,,,,,,,,,,,,
2003-04-08,8.97,,,,,,,,,,,,,
2003-04-09,9.13,,,,,,,,,,,,,
2003-04-10,9.26,,,,,,,,,,,,,
2003-04-11,9.13,,,,,,,,,,,,,
2003-04-14,9.0,,,,,,,,,,,,,
2003-04-15,9.09,,,,,,,,,,,,,
2003-04-16,9.6,,,,,,,,,,,,,
2003-04-17,9.68,,,,,,,,,,,,,
2003-04-21,9.89,,,,,,,,,,,,,
2003-04-22,10.08,,,,,,,,,,,,,
2003-04-23,10.61,,,,,,,,,,,,,
2003-04-24,9.95,,,,,,,,,,,,,
2003-04-25,10.0,,,,,,,,,,,,,
2003-04-28,10.22,,,,,,,,,,,,,
2003-04-29,10.21,,,,,,,,,,,,,
2003-04-30,10.5,,,,,,,,,,,,,
2003-05-01,10.86,,,,,,,,,,,,,
2003-05-02,11.32,,,,,,,,,,,,,
2003-05-05,11.37,,,,,,,,,,,,,
2003-05-06,11.57,,,,,,,,,,,,,
2003-05-07,11.5,,,,,,,,,,,,,
2003-05-08,11.73,,,,,,,,,,,,,
2003-05-09,11.71,,,,,,,,,,,,,
2003-05-12,12.2,,,,,,,,,,,,,
2003-05-13,12.25,,,,,,,,,,,,,
2003-05-14,12.8,,,,,,,,,,,,,
2003-05-15,12.83,,,,,,,,,,,,,
2003-05-16,12.72,,,,,,,,,,,,,
2003-05-19,12.51,,,,,,,,,,,,,
2003-05-20,12.16,,,,,,,,,,,,,
2003-05-21,12.59,,,,,,,,,,,,,
2003-05-22,12.43,,,,,,,,,,,,,
2003-05-23,12.8,,,,,,,,,,,,,
2003-05-27,12.73,,,,,,,,,,,,,
2003-05-28,12.61,,,,,,,,,,,,,
2003-05-29,12.89,,,,,,,,,,,,,
2003-05-30,13.2,,,,,,,,,,,,,
2003-06-02,13.06,,,,,,,,,,,,,
2003-06-03,12.99,,,,,,,,,,,,,
2003-06-04,13.38,,,,,,,,,,,,,
2003-06-05,14.11,,,,,,,,,,,,,
2003-06-06,13.55,,,,,,,,,,,,,
2003-06-09,12.8,,,,,,,,,,,,,
2003-06-10,13.39,,,,,,,,,,,,,
2003-06-11,13.51,,,,,,,,,,,,,
2003-06-12,13.54,,,,,,,,,,,,,
2003-06-13,13.37,,,,,,,,,,,,,
2003-06-16,13.95,,,,,,,,,,,,,
2003-06-17,14.02,,,,,,,,,,,,,
2003-06-18,14.0,,,,,,,,,,,,,
2003-06-19,13.97,,,,,,,,,,,,,
2003-06-20,14.24,,,,,,,,,,,,,
2003-06-23,13.95,,,,,,,,,,,,,
2003-06-24,13.54,,,,,,,,,,,,,
2003-06-25,13.91,,,,,,,,,,,,,
2003-06-26,13.95,,,,,,,,,,,,,
2003-06-27,14.2,,,,,,,,,,,,,
2003-06-30,14.32,,,,,,,,,,,,,
2003-07-01,14.15,,,,,,,,,,,,,
2003-07-02,14.19,,,,,,,,,,,,,
2003-07-03,13.93,,,,,,,,,,,,,
2003-07-07,14.4,,,,,,,,,,,,,
2003-07-08,14.17,,,,,,,,,,,,,
2003-07-09,14.18,,,,,,,,,,,,,
2003-07-10,13.79,,,,,,,,,,,,,
2003-07-11,14.1,,,,,,,,,,,,,
2003-07-14,14.01,,,,,,,,,,,,,
2003-07-15,14.0,,,,,,,,,,,,,
2003-07-16,14.08,,,,,,,,,,,,,
2003-07-17,13.27,,,,,,,,,,,,,
2003-07-18,13.71,,,,,,,,,,,,,
2003-07-21,13.04,,,,,,,,,,,,,
2003-07-22,13.17,,,,,,,,,,,,,
2003-07-23,13.15,,,,,,,,,,,,,
2003-07-24,12.96,,,,,,,,,,,,,
2003-07-25,12.94,,,,,,,,,,,,,
2003-07-28,13.18,,,,,,,,,,,,,
2003-07-29,13.21,,,,,,,,,,,,,
2003-07-30,14.86,,,,,,,,,,,,,
2003-07-31,15.08,,,,,,,,,,,,,
2003-08-01,14.83,,,,,,,,,,,,,
2003-08-04,14.95,,,,,,,,,,,,,
2003-08-05,14.51,,,,,,,,,,,,,
2003-08-06,14.28,,,,,,,,,,,,,
2003-08-07,14.13,,,,,,,,,,,,,
2003-08-08,14.49,,,,,,,,,,,,,
2003-08-11,14.55,,,,,,,,,,,,,
2003-08-12,14.9,,,,,,,,,,,,,
2003-08-13,14.56,,,,,,,,,,,,,
2003-08-14,15.11,,,,,,,,,,,,,
2003-08-15,15.07,,,,,,,,,,,,,
2003-08-18,15.49,,,,,,,,,,,,,
2003-08-19,15.15,,,,,,,,,,,,,
2003-08-20,15.5,,,,,,,,,,,,,
2003-08-21,15.73,,,,,,,,,,,,,
2003-08-22,15.4,,,,,,,,,,,,,
2003-08-25,15.4,,,,,,,,,,,,,
2003-08-26,15.49,,,,,,,,,,,,,
2003-08-27,15.63,,,,,,,,,,,,,
2003-08-28,15.5,,,,,,,,,,,,,
2003-08-29,15.55,,,,,,,,,,,,,
2003-09-02,15.9,,,,,,,,,,,,,
2003-09-03,16.5,,,,,,,,,,,,,
2003-09-04,16.84,,,,,,,,,,,,,
2003-09-05,16.5,,,,,,,,,,,,,
2003-09-08,16.78,,,,,,,,,,,,,
2003-09-09,16.53,,,,,,,,,,,,,
2003-09-10,16.12,,,,,,,,,,,,,
2003-09-11,16.65,,,,,,,,,,,,,
2003-09-12,16.53,,,,,,,,,,,,,
2003-09-15,16.5,,,,,,,,,,,,,
2003-09-16,16.59,,,,,,,,,,,,,
2003-09-17,16.19,,,,,,,,,,,,,
2003-09-18,16.2,,,,,,,,,,,,,
2003-09-19,16.0,,,,,,,,,,,,,
2003-09-22,15.81,,,,,,,,,,,,,
2003-09-23,15.99,,,,,,,,,,,,,
2003-09-24,15.07,,,,,,,,,,,,,
2003-09-25,14.76,,,,,,,,,,,,,
2003-09-26,14.74,,,,,,,,,,,,,
2003-09-29,15.05,,,,,,,,,,,,,
2003-09-30,14.81,,,,,,,,,,,,,
2003-10-01,15.16,,,,,,,,,,,,,
2003-10-02,15.051,,,,,,,,,,,,,
2003-10-03,15.63,,,,,,,,,,,,,
2003-10-06,15.28,,,,,,,,,,,,,
2003-10-07,15.5,,,,,,,,,,,,,
2003-10-08,9.28,,,,,,,,,,,,,
2003-10-09,8.95,,,,,,,,,,,,,
2003-10-10,9.26,,,,,,,,,,,,,
2003-10-13,9.21,,,,,,,,,,,,,
2003-10-14,9.27,,,,,,,,,,,,,
2003-10-15,9.21,,,,,,,,,,,,,
2003-10-16,9.13,,,,,,,,,,,,,
2003-10-17,9.16,,,,,,,,,,,,,
2003-10-20,9.16,,,,,,,,,,,,,
2003-10-21,9.24,,,,,,,,,,,,,
2003-10-22,9.05,,,,,,,,,,,,,
2003-10-23,9.02,,,,,,,,,,,,,
2003-10-24,9.02,,,,,,,,,,,,,
2003-10-27,8.99,,,,,,,,,,,,,
2003-10-28,9.25,,,,,,,,,,,,,
2003-10-29,11.05,,,,,,,,,,,,,
2003-10-30,11.45,,,,,,,,,,,,,
2003-10-31,11.53,,,,,,,,,,,,,
2003-11-03,11.6,,,,,,,,,,,,,
2003-11-04,11.87,,,,,,,,,,,,,
2003-11-05,11.99,,,,,,,,,,,,,
2003-11-06,12.0,,,,,,,,,,,,,
2003-11-07,12.01,,,,,,,,,,,,,
2003-11-10,11.64,,,,,,,,,,,,,
2003-11-11,11.54,,,,,,,,,,,,,
2003-11-12,11.78,,,,,,,,,,,,,
2003-11-13,11.91,,,,,,,,,,,,,
2003-11-14,11.74,,,,,,,,,,,,,
2003-11-17,11.46,,,,,,,,,,,,,
2003-11-18,11.18,,,,,,,,,,,,,
2003-11-19,11.36,,,,,,,,,,,,,
2003-11-20,11.45,,,,,,,,,,,,,
2003-11-21,11.41,,,,,,,,,,,,,
2003-11-24,11.6,,,,,,,,,,,,,
2003-11-25,11.65,,,,,,,,,,,,,
2003-11-26,11.49,,,,,,,,,,,,,
2003-11-28,11.58,,,,,,,,,,,,,
2003-12-01,11.72,,,,,,,,,,,,,
2003-12-02,11.56,,,,,,,,,,,,,
2003-12-03,11.43,,,,,,,,,,,,,
2003-12-04,11.38,,,,,,,,,,,,,
2003-12-05,11.4,,,,,,,,,,,,,
2003-12-08,11.45,,,,,,,,,,,,,
2003-12-09,11.3,,,,,,,,,,,,,
2003-12-10,11.49,,,,,,,,,,,,,
2003-12-11,11.78,,,,,,,,,,,,,
2003-12-12,12.0,,,,,,,,,,,,,
2003-12-15,11.61,,,,,,,,,,,,,
2003-12-16,12.06,,,,,,,,,,,,,
2003-12-17,11.98,,,,,,,,,,,,,
2003-12-18,12.49,,,,,,,,,,,,,
2003-12-19,12.12,,,,,,,,,,,,,
2003-12-22,12.29,,,,,,,,,,,,,
2003-12-23,12.64,,,,,,,,,,,,,
2003-12-24,12.36,,,,,,,,,,,,,
2003-12-26,12.15,,,,,,,,,,,,,
2003-12-29,12.33,,,,,,,,,,,,,
2003-12-30,12.44,,,,,,,,,,,,,
2003-12-31,12.49,,,,,,,,,,,,,
2004-01-02,12.84,,,,,,,,,,,,,
2004-01-05,13.36,,,,,,,,,,,,,
2004-01-06,12.98,,,,,,,,,,,,,
2004-01-07,13.19,,,,,,,,,,,,,
2004-01-08,13.2,,,,,,,,,,,,,
2004-01-09,13.22,,,,,,,,,,,,,
2004-01-12,13.96,,,,,,,,,,,,,
2004-01-13,13.95,,,,,,,,,,,,,
2004-01-14,14.06,,,,,,,,,,,,,
2004-01-15,14.35,,,,,,,,,,,,,
2004-01-16,14.17,,,,,,,,,,,,,
2004-01-20,14.66,,,,,,,,,,,,,
2004-01-21,14.68,,,,,,,,,,,,,
2004-01-22,14.61,,,,,,,,,,,,,
2004-01-23,14.38,,,,,,,,,,,,,
2004-01-26,14.35,,,,,,,,,,,,,
2004-01-27,13.697,,,,,,,,,,,,,
2004-01-28,14.05,,,,,,,,,,,,,
2004-01-29,14.15,,,,,,,,,,,,,
2004-01-30,14.33,,,,,,,,,,,,,
2004-02-02,14.23,,,,,,,,,,,,,
2004-02-03,14.06,,,,,,,,,,,,,
2004-02-04,13.9,,,,,,,,,,,,,
2004-02-05,13.85,,,,,,,,,,,,,
2004-02-06,14.23,,,,,,,,,,,,,
2004-02-09,14.3,,,,,,,,,,,,,
2004-02-10,14.52,,,,,,,,,,,,,
2004-02-11,14.85,,,,,,,,,,,,,
2004-02-12,14.52,,,,,,,,,,,,,
2004-02-13,14.31,,,,,,,,,,,,,
2004-02-17,14.51,,,,,,,,,,,,,
2004-02-18,14.25,,,,,,,,,,,,,
2004-02-19,13.76,,,,,,,,,,,,,
2004-02-20,13.75,,,,,,,,,,,,,
2004-02-23,13.52,,,,,,,,,,,,,
2004-02-24,13.87,,,,,,,,,,,,,
2004-02-25,14.0,,,,,,,,,,,,,
2004-02-26,14.19,,,,,,,,,,,,,
2004-02-27,14.0,,,,,,,,,,,,,
2004-03-01,14.06,,,,,,,,,,,,,
2004-03-02,14.45,,,,,,,,,,,,,
2004-03-03,15.03,,,,,,,,,,,,,
2004-03-04,15.06,,,,,,,,,,,,,
2004-03-05,15.05,,,,,,,,,,,,,
2004-03-08,14.6,,,,,,,,,,,,,
2004-03-09,14.47,,,,,,,,,,,,,
2004-03-10,14.18,,,,,,,,,,,,,
2004-03-11,13.9,,,,,,,,,,,,,
2004-03-12,14.31,,,,,,,,,,,,,
2004-03-15,14.07,,,,,,,,,,,,,
2004-03-16,14.16,,,,,,,,,,,,,
2004-03-17,14.36,,,,,,,,,,,,,
2004-03-18,17.01,,,,,,,,,,,,,
2004-03-19,16.66,,,,,,,,,,,,,
2004-03-22,16.06,,,,,,,,,,,,,
2004-03-23,16.17,,,,,,,,,,,,,
2004-03-24,16.06,,,,,,,,,,,,,
2004-03-25,16.68,,,,,,,,,,,,,
2004-03-26,16.52,,,,,,,,,,,,,
2004-03-29,16.83,,,,,,,,,,,,,
2004-03-30,17.04,,,,,,,,,,,,,
2004-03-31,17.18,,,,,,,,,,,,,
2004-04-01,17.22,,,,,,,,,,,,,
2004-04-02,17.35,,,,,,,,,,,,,
2004-04-05,17.26,,,,,,,,,,,,,
2004-04-06,17.04,,,,,,,,,,,,,
2004-04-07,17.07,,,,,,,,,,,,,
2004-04-08,16.83,,,,,,,,,,,,,
2004-04-12,16.98,,,,,,,,,,,,,
2004-04-13,16.67,,,,,,,,,,,,,
2004-04-14,16.58,,,,,,,,,,,,,
2004-04-15,16.18,,,,,,,,,,,,,
2004-04-16,16.26,,,,,,,,,,,,,
2004-04-19,16.43,,,,,,,,,,,,,
2004-04-20,15.97,,,,,,,,,,,,,
2004-04-21,16.45,,,,,,,,,,,,,
2004-04-22,16.49,,,,,,,,,,,,,
2004-04-23,16.44,,,,,,,,,,,,,
2004-04-26,16.13,,,,,,,,,,,,,
2004-04-27,16.57,,,,,,,,,,,,,
2004-04-28,17.08,,,,,,,,,,,,,
2004-04-29,16.69,,,,,,,,,,,,,
2004-04-30,16.79,,,,,,,,,,,,,
2004-05-03,16.96,,,,,,,,,,,,,
2004-05-04,17.02,,,,,,,,,,,,,
2004-05-05,17.22,,,,,,,,,,,,,
2004-05-06,17.2,,,,,,,,,,,,,
2004-05-07,17.5,,,,,,,,,,,,,
2004-05-10,17.92,,,,,,,,,,,,,
2004-05-11,17.89,,,,,,,,,,,,,
2004-05-12,17.96,,,,,,,,,,,,,
2004-05-13,18.1,,,,,,,,,,,,,
2004-05-14,18.71,,,,,,,,,,,,,
2004-05-17,18.64,,,,,,,,,,,,,
2004-05-18,18.86,,,,,,,,,,,,,
2004-05-19,18.75,,,,,,,,,,,,,
2004-05-20,18.85,,,,,,,,,,,,,
2004-05-21,18.53,,,,,,,,,,,,,
2004-05-24,18.9,,,,,,,,,,,,,
2004-05-25,18.84,,,,,,,,,,,,,
2004-05-26,18.72,,,,,,,,,,,,,
2004-05-27,19.57,,,,,,,,,,,,,
2004-05-28,19.09,,,,,,,,,,,,,
2004-06-01,19.4,,,,,,,,,,,,,
2004-06-02,19.78,,,,,,,,,,,,,
2004-06-03,20.46,,,,,,,,,,,,,
2004-06-04,20.51,,,,,,,,,,,,,
2004-06-07,20.585,,,,,,,,,,,,,
2004-06-08,21.07,,,,,,,,,,,,,
2004-06-09,20.41,,,,,,,,,,,,,
2004-06-10,20.0,,,,,,,,,,,,,
2004-06-14,19.86,,,,,,,,,,,,,
2004-06-15,20.51,,,,,,,,,,,,,
2004-06-16,20.57,,,,,,,,,,,,,
2004-06-17,20.22,,,,,,,,,,,,,
2004-06-18,20.11,,,,,,,,,,,,,
2004-06-21,20.13,,,,,,,,,,,,,
2004-06-22,20.61,,,,,,,,,,,,,
2004-06-23,20.49,,,,,,,,,,,,,
2004-06-24,20.68,,,,,,,,,,,,,
2004-06-25,20.53,,,,,,,,,,,,,
2004-06-28,20.65,,,,,,,,,,,,,
2004-06-29,20.77,,,,,,,,,,,,,
2004-06-30,20.7,,,,,,,,,,,,,
2004-07-01,20.46,,,,,,,,,,,,,
2004-07-02,20.64,,,,,,,,,,,,,
2004-07-06,19.74,,,,,,,,,,,,,
2004-07-07,20.05,,,,,,,,,,,,,
2004-07-08,19.29,,,,,,,,,,,,,
2004-07-09,19.635,,,,,,,,,,,,,
2004-07-12,19.8,,,,,,,,,,,,,
2004-07-13,19.71,,,,,,,,,,,,,
2004-07-14,19.424,,,,,,,,,,,,,
2004-07-15,19.83,,,,,,,,,,,,,
2004-07-16,19.59,,,,,,,,,,,,,
2004-07-19,19.37,,,,,,,,,,,,,
2004-07-20,19.65,,,,,,,,,,,,,
2004-07-21,19.55,,,,,,,,,,,,,
2004-07-22,18.22,,,,,,,,,,,,,
2004-07-23,18.17,,,,,,,,,,,,,
2004-07-26,18.03,,,,,,,,,,,,,
2004-07-27,17.91,,,,,,,,,,,,,
2004-07-28,16.28,,,,,,,,,,,,,
2004-07-29,16.66,,,,,,,,,,,,,
2004-07-30,16.4,,,,,,,,,,,,,
2004-08-02,16.07,,,,,,,,,,,,,
2004-08-03,16.07,,,,,,,,,,,,,
2004-08-04,15.98,,,,,,,,,,,,,
2004-08-05,15.12,,,,,,,,,,,,,
2004-08-06,14.75,,,,,,,,,,,,,
2004-08-09,14.87,,,,,,,,,,,,,
2004-08-10,15.1,,,,,,,,,,,,,
2004-08-11,14.62,,,,,,,,,,,,,
2004-08-12,14.25,,,,,,,,,,,,,
2004-08-13,14.28,,,,,,,,,,,,,
2004-08-16,14.59,,,,,,,,,,,,,
2004-08-17,14.48,,,,,,,,,,,,,
2004-08-18,14.83,,,,,,,,,,,,,
2004-08-19,14.45,,,,,,,,,,,,,
2004-08-20,14.69,,,,,,,,,,,,,
2004-08-23,14.66,,,,,,,,,,,,,
2004-08-24,14.7,,,,,,,,,,,,,
2004-08-25,14.67,,,,,,,,,,,,,
2004-08-26,14.63,,,,,,,,,,,,,
2004-08-27,14.49,,,,,,,,,,,,,
2004-08-30,14.46,,,,,,,,,,,,,
2004-08-31,14.47,,,,,,,,,,,,,
2004-09-01,14.53,,,,,,,,,,,,,
2004-09-02,14.89,,,,,,,,,,,,,
2004-09-03,15.09,,,,,,,,,,,,,
2004-09-07,15.35,,,,,,,,,,,,,
2004-09-08,15.33,,,,,,,,,,,,,
2004-09-09,15.38,,,,,,,,,,,,,
2004-09-10,16.23,,,,,,,,,,,,,
2004-09-13,16.1,,,,,,,,,,,,,
2004-09-14,15.78,,,,,,,,,,,,,
2004-09-15,15.57,,,,,,,,,,,,,
2004-09-16,15.68,,,,,,,,,,,,,
2004-09-17,15.73,,,,,,,,,,,,,
2004-09-20,15.65,,,,,,,,,,,,,
2004-09-21,15.82,,,,,,,,,,,,,
2004-09-22,15.56,,,,,,,,,,,,,
2004-09-23,15.56,,,,,,,,,,,,,
2004-09-24,15.29,,,,,,,,,,,,,
2004-09-27,14.92,,,,,,,,,,,,,
2004-09-28,15.29,,,,,,,,,,,,,
2004-09-29,15.28,,,,,,,,,,,,,
2004-09-30,15.41,,,,,,,,,,,,,
2004-10-01,15.83,,,,,,,,,,,,,
2004-10-04,15.5,,,,,,,,,,,,,
2004-10-05,15.84,,,,,,,,,,,,,
2004-10-06,15.92,,,,,,,,,,,,,
2004-10-07,15.38,,,,,,,,,,,,,
2004-10-08,15.43,,,,,,,,,,,,,
2004-10-11,15.61,,,,,,,,,,,,,
2004-10-12,15.42,,,,,,,,,,,,,
2004-10-13,15.03,,,,,,,,,,,,,
2004-10-14,14.76,,,,,,,,,,,,,
2004-10-15,15.17,,,,,,,,,,,,,
2004-10-18,15.31,,,,,,,,,,,,,
2004-10-19,15.12,,,,,,,,,,,,,
2004-10-20,15.29,,,,,,,,,,,,,
2004-10-21,15.45,,,,,,,,,,,,,
2004-10-22,14.81,,,,,,,,,,,,,
2004-10-25,15.72,,,,,,,,,,,,,
2004-10-26,17.3696,,,,,,,,,,,,,
2004-10-27,17.13,,,,,,,,,,,,,
2004-10-28,17.0,,,,,,,,,,,,,
2004-10-29,16.81,,,,,,,,,,,,,
2004-11-01,16.98,,,,,,,,,,,,,
2004-11-02,17.17,,,,,,,,,,,,,
2004-11-03,17.41,,,,,,,,,,,,,
2004-11-04,17.62,,,,,,,,,,,,,
2004-11-05,17.34,,,,,,,,,,,,,
2004-11-08,17.93,,,,,,,,,,,,,
2004-11-09,17.9,,,,,,,,,,,,,
2004-11-10,18.35,,,,,,,,,,,,,
2004-11-11,18.61,,,,,,,,,,,,,
2004-11-12,19.21,,,,,,,,,,,,,
2004-11-15,18.51,,,,,,,,,,,,,
2004-11-16,18.69,,,,,,,,,,,,,
2004-11-17,19.06,,,,,,,,,,,,,
2004-11-18,18.59,,,,,,,,,,,,,
2004-11-19,18.15,,,,,,,,,,,,,
2004-11-22,18.32,,,,,,,,,,,,,
2004-11-23,18.4,,,,,,,,,,,,,
2004-11-24,18.5,,,,,,,,,,,,,
2004-11-26,18.415,,,,,,,,,,,,,
2004-11-29,17.938,,,,,,,,,,,,,
2004-11-30,18.17,,,,,,,,,,,,,
2004-12-01,18.11,,,,,,,,,,,,,
2004-12-02,18.36,,,,,,,,,,,,,
2004-12-03,18.32,,,,,,,,,,,,,
2004-12-06,18.19,,,,,,,,,,,,,
2004-12-07,18.18,,,,,,,,,,,,,
2004-12-08,18.16,,,,,,,,,,,,,
2004-12-09,17.93,,,,,,,,,,,,,
2004-12-10,17.69,,,,,,,,,,,,,
2004-12-13,17.79,,,,,,,,,,,,,
2004-12-14,18.17,,,,,,,,,,,,,
2004-12-15,18.11,,,,,,,,,,,,,
2004-12-16,17.77,,,,,,,,,,,,,
2004-12-17,17.92,,,,,,,,,,,,,
2004-12-20,17.74,,,,,,,,,,,,,
2004-12-21,17.92,,,,,,,,,,,,,
2004-12-22,18.33,,,,,,,,,,,,,
2004-12-23,18.62,,,,,,,,,,,,,
2004-12-27,18.39,,,,,,,,,,,,,
2004-12-28,18.78,,,,,,,,,,,,,
2004-12-29,18.75,,,,,,,,,,,,,
2004-12-30,18.69,,,,,,,,,,,,,
2004-12-31,18.7,,,,,,,,,,,,,
2005-01-03,18.17,,,,,,,,,,,,,
2005-01-04,17.8,,,,,,,,,,,,,
2005-01-05,18.0,,,,,,,,,,,,,
2005-01-06,18.01,,,,,,,,,,,,,
2005-01-07,17.98,,,,,,,,,,,,,
2005-01-10,17.91,,,,,,,,,,,,,
2005-01-11,17.48,,,,,,,,,,,,,
2005-01-12,17.37,,,,,,,,,,,,,
2005-01-13,17.21,,,,,,,,,,,,,
2005-01-14,17.285,,,,,,,,,,,,,
2005-01-18,17.23,,,,,,,,,,,,,
2005-01-19,17.02,,,,,,,,,,,,,
2005-01-20,17.0,,,,,,,,,,,,,
2005-01-21,16.81,,,,,,,,,,,,,
2005-01-24,17.52,,,,,,,,,,,,,
2005-01-25,17.3,,,,,,,,,,,,,
2005-01-26,17.93,,,,,,,,,,,,,
2005-01-27,17.57,,,,,,,,,,,,,
2005-01-28,17.84,,,,,,,,,,,,,
2005-01-31,18.12,,,,,,,,,,,,,
2005-02-01,17.83,,,,,,,,,,,,,
2005-02-02,17.61,,,,,,,,,,,,,
2005-02-03,17.43,,,,,,,,,,,,,
2005-02-04,18.05,,,,,,,,,,,,,
2005-02-07,17.93,,,,,,,,,,,,,
2005-02-08,17.98,,,,,,,,,,,,,
2005-02-09,17.73,,,,,,,,,,,,,
2005-02-10,17.65,,,,,,,,,,,,,
2005-02-11,18.08,,,,,,,,,,,,,
2005-02-14,18.02,,,,,,,,,,,,,
2005-02-15,17.86,,,,,,,,,,,,,
2005-02-16,17.78,,,,,,,,,,,,,
2005-02-17,17.53,,,,,,,,,,,,,
2005-02-18,17.48,,,,,,,,,,,,,
2005-02-22,17.3,,,,,,,,,,,,,
2005-02-23,17.1,,,,,,,,,,,,,
2005-02-24,17.23,,,,,,,,,,,,,
2005-02-25,17.26,,,,,,,,,,,,,
2005-02-28,17.1,,,,,,,,,,,,,
2005-03-01,17.08,,,,,,,,,,,,,
2005-03-02,16.97,,,,,,,,,,,,,
2005-03-03,16.79,,,,,,,,,,,,,
2005-03-04,16.45,,,,,,,,,,,,,
2005-03-07,16.55,,,,,,,,,,,,,
2005-03-08,16.85,,,,,,,,,,,,,
2005-03-09,16.58,,,,,,,,,,,,,
2005-03-10,16.2,,,,,,,,,,,,,
2005-03-11,16.415,,,,,,,,,,,,,
2005-03-14,16.57,,,,,,,,,,,,,
2005-03-15,16.14,,,,,,,,,,,,,
2005-03-16,16.12,,,,,,,,,,,,,
2005-03-17,16.25,,,,,,,,,,,,,
2005-03-18,15.99,,,,,,,,,,,,,
2005-03-21,16.0,,,,,,,,,,,,,
2005-03-22,15.97,,,,,,,,,,,,,
2005-03-23,15.98,,,,,,,,,,,,,
2005-03-24,16.04,,,,,,,,,,,,,
2005-03-28,16.17,,,,,,,,,,,,,
2005-03-29,16.06,,,,,,,,,,,,,
2005-03-30,16.48,,,,,,,,,,,,,
2005-03-31,16.29,,,,,,,,,,,,,
2005-04-01,16.05,,,,,,,,,,,,,
2005-04-04,16.32,,,,,,,,,,,,,
2005-04-05,16.2,,,,,,,,,,,,,
2005-04-06,16.3,,,,,,,,,,,,,
2005-04-07,16.45,,,,,,,,,,,,,
2005-04-08,16.46,,,,,,,,,,,,,
2005-04-11,16.46,,,,,,,,,,,,,
2005-04-12,16.57,,,,,,,,,,,,,
2005-04-13,16.55,,,,,,,,,,,,,
2005-04-14,16.39,,,,,,,,,,,,,
2005-04-15,16.06,,,,,,,,,,,,,
2005-04-18,15.96,,,,,,,,,,,,,
2005-04-19,16.02,,,,,,,,,,,,,
2005-04-20,15.87,,,,,,,,,,,,,
2005-04-21,16.33,,,,,,,,,,,,,
2005-04-22,15.99,,,,,,,,,,,,,
2005-04-25,16.31,,,,,,,,,,,,,
2005-04-26,15.88,,,,,,,,,,,,,
2005-04-27,17.4,,,,,,,,,,,,,
2005-04-28,17.05,,,,,,,,,,,,,
2005-04-29,17.19,,,,,,,,,,,,,
2005-05-02,17.44,,,,,,,,,,,,,
2005-05-03,17.63,,,,,,,,,,,,,
2005-05-04,17.72,,,,,,,,,,,,,
2005-05-05,17.99,,,,,,,,,,,,,
2005-05-06,17.96,,,,,,,,,,,,,
2005-05-09,18.09,,,,,,,,,,,,,
2005-05-10,17.82,,,,,,,,,,,,,
2005-05-11,17.82,,,,,,,,,,,,,
2005-05-12,17.68,,,,,,,,,,,,,
2005-05-13,17.51,,,,,,,,,,,,,
2005-05-16,17.86,,,,,,,,,,,,,
2005-05-17,18.3,,,,,,,,,,,,,
2005-05-18,18.93,,,,,,,,,,,,,
2005-05-19,18.82,,,,,,,,,,,,,
2005-05-20,18.83,,,,,,,,,,,,,
2005-05-23,18.84,,,,,,,,,,,,,
2005-05-24,18.86,,,,,,,,,,,,,
2005-05-25,18.31,,,,,,,,,,,,,
2005-05-26,19.01,,,,,,,,,,,,,
2005-05-27,19.13,,,,,,,,,,,,,
2005-05-31,19.02,,,,,,,,,,,,,
2005-06-01,19.28,,,,,,,,,,,,,
2005-06-02,19.5,,,,,,,,,,,,,
2005-06-03,19.23,,,,,,,,,,,,,
2005-06-06,19.4,,,,,,,,,,,,,
2005-06-07,19.42,,,,,,,,,,,,,
2005-06-08,19.27,,,,,,,,,,,,,
2005-06-09,19.63,,,,,,,,,,,,,
2005-06-10,19.08,,,,,,,,,,,,,
2005-06-13,18.98,,,,,,,,,,,,,
2005-06-14,18.95,,,,,,,,,,,,,
2005-06-15,18.8,,,,,,,,,,,,,
2005-06-16,19.13,,,,,,,,,,,,,
2005-06-17,19.19,,,,,,,,,,,,,
2005-06-20,18.89,,,,,,,,,,,,,
2005-06-21,18.76,,,,,,,,,,,,,
2005-06-22,19.0,,,,,,,,,,,,,
2005-06-23,18.69,,,,,,,,,,,,,
2005-06-24,18.66,,,,,,,,,,,,,
2005-06-27,18.53,,,,,,,,,,,,,
2005-06-28,18.9,,,,,,,,,,,,,
2005-06-29,18.87,,,,,,,,,,,,,
2005-06-30,18.98,,,,,,,,,,,,,
2005-07-01,19.15,,,,,,,,,,,,,
2005-07-05,16.87,,,,,,,,,,,,,
2005-07-06,17.22,,,,,,,,,,,,,
2005-07-07,17.62,,,,,,,,,,,,,
2005-07-08,17.72,,,,,,,,,,,,,
2005-07-11,17.93,,,,,,,,,,,,,
2005-07-12,17.95,,,,,,,,,,,,,
2005-07-13,17.91,,,,,,,,,,,,,
2005-07-14,17.81,,,,,,,,,,,,,
2005-07-15,17.85,,,,,,,,,,,,,
2005-07-18,17.6,,,,,,,,,,,,,
2005-07-19,17.87,,,,,,,,,,,,,
2005-07-20,18.1,,,,,,,,,,,,,
2005-07-21,17.85,,,,,,,,,,,,,
2005-07-22,17.93,,,,,,,,,,,,,
2005-07-25,17.64,,,,,,,,,,,,,
2005-07-26,17.81,,,,,,,,,,,,,
2005-07-27,18.87,,,,,,,,,,,,,
2005-07-28,18.84,,,,,,,,,,,,,
2005-07-29,18.65,,,,,,,,,,,,,
2005-08-01,18.7,,,,,,,,,,,,,
2005-08-02,19.12,,,,,,,,,,,,,
2005-08-03,19.35,,,,,,,,,,,,,
2005-08-04,19.47,,,,,,,,,,,,,
2005-08-05,19.46,,,,,,,,,,,,,
2005-08-08,19.08,,,,,,,,,,,,,
2005-08-09,19.09,,,,,,,,,,,,,
2005-08-10,18.97,,,,,,,,,,,,,
2005-08-11,19.1,,,,,,,,,,,,,
2005-08-12,19.13,,,,,,,,,,,,,
2005-08-15,19.28,,,,,,,,,,,,,
2005-08-16,19.16,,,,,,,,,,,,,
2005-08-17,19.44,,,,,,,,,,,,,
2005-08-18,19.2,,,,,,,,,,,,,
2005-08-19,19.34,,,,,,,,,,,,,
2005-08-22,19.33,,,,,,,,,,,,,
2005-08-23,19.37,,,,,,,,,,,,,
2005-08-24,20.21,,,,,,,,,,,,,
2005-08-25,20.38,,,,,,,,,,,,,
2005-08-26,20.17,,,,,,,,,,,,,
2005-08-29,20.17,,,,,,,,,,,,,
2005-08-30,19.9,,,,,,,,,,,,,
2005-08-31,20.39,,,,,,,,,,,,,
2005-09-01,20.5,,,,,,,,,,,,,
2005-09-02,20.17,,,,,,,,,,,,,
2005-09-06,20.35,,,,,,,,,,,,,
2005-09-07,20.42,,,,,,,,,,,,,
2005-09-08,20.24,,,,,,,,,,,,,
2005-09-09,20.56,,,,,,,,,,,,,
2005-09-12,20.5,,,,,,,,,,,,,
2005-09-13,20.46,,,,,,,,,,,,,
2005-09-14,20.09,,,,,,,,,,,,,
2005-09-15,20.34,,,,,,,,,,,,,
2005-09-16,20.76,,,,,,,,,,,,,
2005-09-19,20.66,,,,,,,,,,,,,
2005-09-20,20.73,,,,,,,,,,,,,
2005-09-21,20.38,,,,,,,,,,,,,
2005-09-22,20.39,,,,,,,,,,,,,
2005-09-23,20.43,,,,,,,,,,,,,
2005-09-26,20.76,,,,,,,,,,,,,
2005-09-27,20.99,,,,,,,,,,,,,
2005-09-28,20.97,,,,,,,,,,,,,
2005-09-29,21.41,,,,,,,,,,,,,
2005-09-30,21.71,,,,,,,,,,,,,
2005-10-03,22.08,,,,,,,,,,,,,
2005-10-04,22.43,,,,,,,,,,,,,
2005-10-05,21.9,,,,,,,,,,,,,
2005-10-06,21.9,,,,,,,,,,,,,
2005-10-07,22.21,,,,,,,,,,,,,
2005-10-10,22.03,,,,,,,,,,,,,
2005-10-11,22.66,,,,,,,,,,,,,
2005-10-12,22.53,,,,,,,,,,,,,
2005-10-13,23.08,,,,,,,,,,,,,
2005-10-14,23.3,,,,,,,,,,,,,
2005-10-17,23.19,,,,,,,,,,,,,
2005-10-18,22.82,,,,,,,,,,,,,
2005-10-19,23.48,,,,,,,,,,,,,
2005-10-20,22.91,,,,,,,,,,,,,
2005-10-21,23.31,,,,,,,,,,,,,
2005-10-24,23.36,,,,,,,,,,,,,
2005-10-25,23.21,,,,,,,,,,,,,
2005-10-26,22.02,,,,,,,,,,,,,
2005-10-27,22.89,,,,,,,,,,,,,
2005-10-28,23.58,,,,,,,,,,,,,
2005-10-31,23.51,,,,,,,,,,,,,
2005-11-01,23.36,,,,,,,,,,,,,
2005-11-02,23.92,,,,,,,,,,,,,
2005-11-03,23.92,,,,,,,,,,,,,
2005-11-04,24.14,,,,,,,,,,,,,
2005-11-07,24.46,,,,,,,,,,,,,
2005-11-08,24.58,,,,,,,,,,,,,
2005-11-09,24.59,,,,,,,,,,,,,
2005-11-10,24.16,,,,,,,,,,,,,
2005-11-11,23.94,,,,,,,,,,,,,
2005-11-14,24.0,,,,,,,,,,,,,
2005-11-15,23.74,,,,,,,,,,,,,
2005-11-16,23.61,,,,,,,,,,,,,
2005-11-17,23.9,,,,,,,,,,,,,
2005-11-18,24.31,,,,,,,,,,,,,
2005-11-21,24.3,,,,,,,,,,,,,
2005-11-22,24.2,,,,,,,,,,,,,
2005-11-23,23.98,,,,,,,,,,,,,
2005-11-25,24.2,,,,,,,,,,,,,
2005-11-28,23.14,,,,,,,,,,,,,
2005-11-29,23.69,,,,,,,,,,,,,
2005-11-30,24.03,,,,,,,,,,,,,
2005-12-01,23.89,,,,,,,,,,,,,
2005-12-02,23.67,,,,,,,,,,,,,
2005-12-05,22.35,,,,,,,,,,,,,
2005-12-06,22.58,,,,,,,,,,,,,
2005-12-07,22.4,,,,,,,,,,,,,
2005-12-08,22.6,,,,,,,,,,,,,
2005-12-09,22.71,,,,,,,,,,,,,
2005-12-12,22.89,,,,,,,,,,,,,
2005-12-13,23.15,,,,,,,,,,,,,
2005-12-14,23.56,,,,,,,,,,,,,
2005-12-15,23.47,,,,,,,,,,,,,
2005-12-16,23.55,,,,,,,,,,,,,
2005-12-19,23.07,,,,,,,,,,,,,
2005-12-20,22.65,,,,,,,,,,,,,
2005-12-21,22.64,,,,,,,,,,,,,
2005-12-22,22.63,,,,,,,,,,,,,
2005-12-23,22.65,,,,,,,,,,,,,
2005-12-27,22.17,,,,,,,,,,,,,
2005-12-28,22.42,,,,,,,,,,,,,
2005-12-29,22.66,,,,,,,,,,,,,
2005-12-30,22.32,,,,,,,,,,,,,
2006-01-03,22.4,,,,,,,,,,,,,
2006-01-04,22.94,,,,,,,,,,,,,
2006-01-05,22.57,,,,,,,,,,,,,
2006-01-06,22.62,,,,,,,,,,,,,
2006-01-09,22.37,,,,,,,,,,,,,
2006-01-10,22.12,,,,,,,,,,,,,
2006-01-11,22.43,,,,,,,,,,,,,
2006-01-12,22.32,,,,,,,,,,,,,
2006-01-13,22.24,,,,,,,,,,,,,
2006-01-17,22.1,,,,,,,,,,,,,
2006-01-18,22.07,,,,,,,,,,,,,
2006-01-19,22.12,,,,,,,,,,,,,
2006-01-20,21.67,,,,,,,,,,,,,
2006-01-23,21.77,,,,,,,,,,,,,
2006-01-24,22.21,,,,,,,,,,,,,
2006-01-25,21.12,,,,,,,,,,,,,
2006-01-26,21.89,,,,,,,,,,,,,
2006-01-27,22.29,,,,,,,,,,,,,
2006-01-30,22.33,,,,,,,,,,,,,
2006-01-31,22.77,,,,,,,,,,,,,
2006-02-01,22.84,,,,,,,,,,,,,
2006-02-02,22.71,,,,,,,,,,,,,
2006-02-03,22.8,,,,,,,,,,,,,
2006-02-06,22.68,,,,,,,,,,,,,
2006-02-07,22.34,,,,,,,,,,,,,
2006-02-08,22.29,,,,,,,,,,,,,
2006-02-09,22.21,,,,,,,,,,,,,
2006-02-10,22.06,,,,,,,,,,,,,
2006-02-13,21.86,,,,,,,,,,,,,
2006-02-14,22.14,,,,,,,,,,,,,
2006-02-15,22.48,,,,,,,,,,,,,
2006-02-16,22.57,,,,,,,,,,,,,
2006-02-17,22.53,,,,,,,,,,,,,
2006-02-21,22.21,,,,,,,,,,,,,
2006-02-22,22.27,,,,,,,,,,,,,
2006-02-23,22.07,,,,,,,,,,,,,
2006-02-24,22.07,,,,,,,,,,,,,
2006-02-27,22.31,,,,,,,,,,,,,
2006-02-28,21.98,,,,,,,,,,,,,
2006-03-01,22.31,,,,,,,,,,,,,
2006-03-02,22.46,,,,,,,,,,,,,
2006-03-03,22.71,,,,,,,,,,,,,
2006-03-06,22.35,,,,,,,,,,,,,
2006-03-07,21.94,,,,,,,,,,,,,
2006-03-08,22.59,,,,,,,,,,,,,
2006-03-09,22.54,,,,,,,,,,,,,
2006-03-10,22.84,,,,,,,,,,,,,
2006-03-13,22.68,,,,,,,,,,,,,
2006-03-14,22.72,,,,,,,,,,,,,
2006-03-15,22.73,,,,,,,,,,,,,
2006-03-16,22.81,,,,,,,,,,,,,
2006-03-17,22.63,,,,,,,,,,,,,
2006-03-20,22.66,,,,,,,,,,,,,
2006-03-21,22.38,,,,,,,,,,,,,
2006-03-22,22.66,,,,,,,,,,,,,
2006-03-23,22.5,,,,,,,,,,,,,
2006-03-24,22.62,,,,,,,,,,,,,
2006-03-27,22.79,,,,,,,,,,,,,
2006-03-28,22.91,,,,,,,,,,,,,
2006-03-29,22.93,,,,,,,,,,,,,
2006-03-30,23.06,,,,,,,,,,,,,
2006-03-31,23.25,,,,,,,,,,,,,
2006-04-03,23.41,,,,,,,,,,,,,
2006-04-04,23.49,,,,,,,,,,,,,
2006-04-05,23.37,,,,,,,,,,,,,
2006-04-06,23.58,,,,,,,,,,,,,
2006-04-07,23.53,,,,,,,,,,,,,
2006-04-10,23.47,,,,,,,,,,,,,
2006-04-11,23.32,,,,,,,,,,,,,
2006-04-12,23.5,,,,,,,,,,,,,
2006-04-13,23.57,,,,,,,,,,,,,
2006-04-17,23.68,,,,,,,,,,,,,
2006-04-18,24.15,,,,,,,,,,,,,
2006-04-19,24.49,,,,,,,,,,,,,
2006-04-20,24.41,,,,,,,,,,,,,
2006-04-21,24.34,,,,,,,,,,,,,
2006-04-24,24.66,,,,,,,,,,,,,
2006-04-25,24.84,,,,,,,,,,,,,
2006-04-26,25.81,,,,,,,,,,,,,
2006-04-27,25.29,,,,,,,,,,,,,
2006-04-28,25.28,,,,,,,,,,,,,
2006-05-01,25.25,,,,,,,,,,,,,
2006-05-02,25.62,,,,,,,,,,,,,
2006-05-03,25.55,,,,,,,,,,,,,
2006-05-04,25.71,,,,,,,,,,,,,
2006-05-05,25.9,,,,,,,,,,,,,
2006-05-08,25.81,,,,,,,,,,,,,
2006-05-09,25.8,,,,,,,,,,,,,
2006-05-10,25.49,,,,,,,,,,,,,
2006-05-11,24.88,,,,,,,,,,,,,
2006-05-12,24.39,,,,,,,,,,,,,
2006-05-15,24.38,,,,,,,,,,,,,
2006-05-16,24.25,,,,,,,,,,,,,
2006-05-17,24.03,,,,,,,,,,,,,
2006-05-18,23.94,,,,,,,,,,,,,
2006-05-19,24.07,,,,,,,,,,,,,
2006-05-22,23.9,,,,,,,,,,,,,
2006-05-23,23.53,,,,,,,,,,,,,
2006-05-24,23.59,,,,,,,,,,,,,
2006-05-25,23.89,,,,,,,,,,,,,
2006-05-26,23.68,,,,,,,,,,,,,
2006-05-30,22.99,,,,,,,,,,,,,
2006-05-31,23.28,,,,,,,,,,,,,
2006-06-01,23.7,,,,,,,,,,,,,
2006-06-02,23.85,,,,,,,,,,,,,
2006-06-05,23.39,,,,,,,,,,,,,
2006-06-06,23.55,,,,,,,,,,,,,
2006-06-07,23.91,,,,,,,,,,,,,
2006-06-08,23.99,,,,,,,,,,,,,
2006-06-09,24.21,,,,,,,,,,,,,
2006-06-12,23.45,,,,,,,,,,,,,
2006-06-13,23.34,,,,,,,,,,,,,
2006-06-14,23.48,,,,,,,,,,,,,
2006-06-15,24.51,,,,,,,,,,,,,
2006-06-16,24.46,,,,,,,,,,,,,
2006-06-19,24.33,,,,,,,,,,,,,
2006-06-20,24.18,,,,,,,,,,,,,
2006-06-21,24.26,,,,,,,,,,,,,
2006-06-22,24.06,,,,,,,,,,,,,
2006-06-23,24.14,,,,,,,,,,,,,
2006-06-26,24.24,,,,,,,,,,,,,
2006-06-27,23.98,,,,,,,,,,,,,
2006-06-28,23.81,,,,,,,,,,,,,
2006-06-29,24.94,,,,,,,,,,,,,
2006-06-30,24.74,,,,,,,,,,,,,
2006-07-03,24.76,,,,,,,,,,,,,
2006-07-05,24.72,,,,,,,,,,,,,
2006-07-06,24.82,,,,,,,,,,,,,
2006-07-07,24.03,,,,,,,,,,,,,
2006-07-10,23.87,,,,,,,,,,,,,
2006-07-11,24.03,,,,,,,,,,,,,
2006-07-12,23.45,,,,,,,,,,,,,
2006-07-13,23.59,,,,,,,,,,,,,
2006-07-14,23.54,,,,,,,,,,,,,
2006-07-17,23.61,,,,,,,,,,,,,
2006-07-18,24.74,,,,,,,,,,,,,
2006-07-19,25.0,,,,,,,,,,,,,
2006-07-20,24.56,,,,,,,,,,,,,
2006-07-21,24.51,,,,,,,,,,,,,
2006-07-24,24.91,,,,,,,,,,,,,
2006-07-25,24.96,2006-07-25,1.25,0.0,actual,1.25,19.968,,,,,,,
2006-07-26,25.7,,,,,1.250989010989011,20.543745607870697,,,,,,,
2006-07-27,25.48,,,,,1.251978021978022,20.35179496181866,,,,,,,
2006-07-28,26.08,,,,,1.252967032967033,20.81459393088932,,,,,,,
2006-07-31,26.04,,,,,1.255934065934066,20.733572491031584,,,,,,,
2006-08-01,25.89,,,,,1.256923076923077,20.597919216646265,,,,,,,
2006-08-02,26.41,,,,,1.257912087912088,20.995107888529745,,,,,,,
2006-08-03,26.82,,,,,1.258901098901099,21.30429469273743,,,,,,,
2006-08-04,26.46,,,,,1.25989010989011,21.00183166157872,,,,,,,
2006-08-07,27.01,,,,,1.262857142857143,21.38800904977376,,,,,,,
2006-08-08,26.38,,,,,1.2638461538461538,20.87279367011564,,,,,,,
2006-08-09,26.54,,,,,1.2648351648351648,20.98297132927889,,,,,,,
2006-08-10,26.67,,,,,1.265824175824176,21.06927684694852,,,,,,,
2006-08-11,26.2,,,,,1.2668131868131869,20.68181818181818,,,,,,,
2006-08-14,26.94,,,,,1.2697802197802197,21.2162700129814,,,,,,,
2006-08-15,26.99,,,,,1.2707692307692309,21.23910411622276,,,,,,,
2006-08-16,27.08,,,,,1.2717582417582418,21.293355223364728,,,,,,,
2006-08-17,26.89,,,,,1.2727472527472528,21.127525470557764,,,,,,,
2006-08-18,26.65,,,,,1.2737362637362637,20.92269864550082,,,,,,,
2006-08-21,26.64,,,,,1.2767032967032967,20.86624203821656,,,,,,,
2006-08-22,26.81,,,,,1.2776923076923077,20.98314268512944,,,,,,,
2006-08-23,26.8,,,,,1.2786813186813186,20.95909247163974,,,,,,,
2006-08-24,26.81,,,,,1.2796703296703298,20.950708458565902,,,,,,,
2006-08-25,26.54,,,,,1.2806593406593407,20.723700017161487,,,,,,,
2006-08-28,26.88,,,,,1.2836263736263736,20.94067288759524,,,,,,,
2006-08-29,27.3,,,,,1.2846153846153847,21.25149700598802,,,,,,,
2006-08-30,27.23,,,,,1.2856043956043957,21.18069920506026,,,,,,,
2006-08-31,26.92,,,,,1.2865934065934066,20.9234711308507,,,,,,,
2006-09-01,26.88,,,,,1.2875824175824175,20.87633353247418,,,,,,,
2006-09-05,27.27,,,,,1.2915384615384615,21.114353782013104,,,,,,,
2006-09-06,26.25,,,,,1.2925274725274725,20.309046080598534,,,,,,,
2006-09-07,26.59,,,,,1.2935164835164836,20.55636734347124,,,,,,,
2006-09-08,26.92,,,,,1.2945054945054946,20.7955857385399,,,,,,,
2006-09-11,26.4,,,,,1.2974725274725276,20.347251630388747,,,,,,,
2006-09-12,26.89,,,,,1.2984615384615386,20.70912322274881,,,,,,,
2006-09-13,27.09,,,,,1.2994505494505495,20.847272727272728,,,,,,,
2006-09-14,27.16,,,,,1.3004395604395604,20.885245901639344,,,,,,,
2006-09-15,27.04,,,,,1.3014285714285714,20.777167947310648,,,,,,,
2006-09-18,26.96,,,,,1.3043956043956044,20.668576242628475,,,,,,,
2006-09-19,26.0,,,,,1.3053846153846154,19.91750147318798,,,,,,,
2006-09-20,26.19,,,,,1.3063736263736263,20.04786339165545,,,,,,,
2006-09-21,26.22,,,,,1.3073626373626377,20.0556442800706,,,,,,,
2006-09-22,26.01,,,,,1.3083516483516484,19.879976482445823,,,,,,,
2006-09-25,26.76,,,,,1.3113186813186817,20.40693874130562,,,,,,,
2006-09-26,26.61,,,,,1.3123076923076924,20.277256740914417,,,,,,,
2006-09-27,26.94,,,,,1.3132967032967031,20.51326248849469,,,,,,,
2006-09-28,26.76,,,,,1.3142857142857145,20.36086956521739,,,,,,,
2006-09-29,26.43,,,,,1.3152747252747252,20.09466120812098,,,,,,,
2006-10-02,26.67,,,,,1.3182417582417585,20.23149383127709,,,,,,,
2006-10-03,26.45,,,,,1.3192307692307692,20.049562682215743,,,,,,,
2006-10-04,26.69,,,,,1.3202197802197804,20.216330947228236,,,,,,,
2006-10-05,27.39,,,,,1.321208791208791,20.73101555352242,,,,,,,
2006-10-06,27.16,,,,,1.3221978021978025,20.541555851063823,,,,,,,
2006-10-09,27.41,,,,,1.3251648351648353,20.684219255327967,,,,,,,
2006-10-10,27.65,,,,,1.3261538461538462,20.849767981438514,,,,,,,
2006-10-11,27.75,,,,,1.3271428571428572,20.909580193756728,,,,,,,
2006-10-12,27.86,,,,,1.328131868131868,20.97683269899057,,,,,,,
2006-10-13,27.94,,,,,1.3291208791208793,21.02141380735841,,,,,,,
2006-10-16,28.02,,,,,1.332087912087912,21.034647747896383,,,,,,,
2006-10-17,28.03,,,,,1.333076923076923,21.0265435660704,,,,,,,
2006-10-18,28.06,,,,,1.3340659340659342,21.0334431630972,,,,,,,
2006-10-19,27.93,,,,,1.3350549450549452,20.92048728290394,,,,,,,
2006-10-20,27.98,,,,,1.336043956043956,20.94242474091133,,,,,,,
2006-10-23,28.08,,,,,1.3390109890109891,20.970701682396385,,,,,,,
2006-10-24,27.53,2006-10-24,1.34,0.0,actual,1.34,20.544776119402982,,,,,,,
2006-10-25,27.09,,,,,1.3405494505494506,20.20813181408312,,,,,,,
2006-10-26,27.3,,,,,1.3410989010989012,20.356440511307767,,,,,,,
2006-10-27,27.12,,,,,1.3416483516483515,20.21394053567041,,,,,,,
2006-10-30,27.06,,,,,1.3432967032967034,20.144469895287955,,,,,,,
2006-10-31,26.98,,,,,1.343846153846154,20.076702919290213,,,,,,,
2006-11-01,26.61,,,,,1.3443956043956045,19.79328102010789,,,,,,,
2006-11-02,26.94,,,,,1.344945054945055,20.03055805212844,,,,,,,
2006-11-03,26.66,,,,,1.3454945054945056,19.814276380267884,,,,,,,
2006-11-06,27.32,,,,,1.3471428571428572,20.279957582184515,,,,,,,
2006-11-07,27.51,,,,,1.3476923076923075,20.412671232876715,,,,,,,
2006-11-08,27.93,,,,,1.3482417582417583,20.71586926399869,,,,,,,
2006-11-09,27.41,,,,,1.3487912087912088,20.32189995111618,,,,,,,
2006-11-10,27.18,,,,,1.3493406593406594,20.14317126801857,,,,,,,
2006-11-13,27.7,,,,,1.350989010989011,20.50349764112575,,,,,,,
2006-11-14,27.97,,,,,1.3515384615384616,20.694934547524188,,,,,,,
2006-11-15,28.0,,,,,1.352087912087912,20.708712613784137,,,,,,,
2006-11-16,27.77,,,,,1.352637362637363,20.53026240961897,,,,,,,
2006-11-17,27.56,,,,,1.3531868131868132,20.366737047263275,,,,,,,
2006-11-20,28.07,,,,,1.3548351648351649,20.71838754156866,,,,,,,
2006-11-21,27.79,,,,,1.3553846153846154,20.503405221339385,,,,,,,
2006-11-22,27.68,,,,,1.355934065934066,20.413971958829727,,,,,,,
2006-11-24,27.57,,,,,1.357032967032967,20.31638189327071,,,,,,,
2006-11-27,26.66,,,,,1.3586813186813187,19.62196700097056,,,,,,,
2006-11-28,27.53,,,,,1.3592307692307692,20.25410299943407,,,,,,,
2006-11-29,27.86,,,,,1.3597802197802198,20.48860513980928,,,,,,,
2006-11-30,27.73,,,,,1.3603296703296703,20.38476452055901,,,,,,,
2006-12-01,27.31,,,,,1.3608791208791209,20.067910206718345,,,,,,,
2006-12-04,27.66,,,,,1.3625274725274723,20.300508105492383,,,,,,,
2006-12-05,27.31,,,,,1.363076923076923,20.03555304740406,,,,,,,
2006-12-06,27.14,,,,,1.3636263736263736,19.902812474816667,,,,,,,
2006-12-07,27.06,,,,,1.3641758241758242,19.83615273078782,,,,,,,
2006-12-08,26.92,,,,,1.3647252747252747,19.72558176986875,,,,,,,
2006-12-11,26.98,,,,,1.3663736263736264,19.745697281647097,,,,,,,
2006-12-12,26.81,,,,,1.366923076923077,19.613393359594824,,,,,,,
2006-12-13,27.3,,,,,1.3674725274725277,19.96383799421408,,,,,,,
2006-12-14,27.05,,,,,1.368021978021978,19.773074142501407,,,,,,,
2006-12-15,26.9,,,,,1.3685714285714283,19.655532359081423,,,,,,,
2006-12-18,26.7,,,,,1.3702197802197802,19.4859250942337,,,,,,,
2006-12-19,27.07,,,,,1.3707692307692307,19.748035914702584,,,,,,,
2006-12-20,27.18,,,,,1.3713186813186813,19.820338168122447,,,,,,,
2006-12-21,27.07,,,,,1.3718681318681318,19.732217238064724,,,,,,,
2006-12-22,26.95,,,,,1.3724175824175824,19.636880454800224,,,,,,,
2006-12-26,27.14,,,,,1.3746153846153846,19.74370453273643,,,,,,,
2006-12-27,27.37,,,,,1.3751648351648351,19.903068563209207,,,,,,,
2006-12-28,27.28,,,,,1.3757142857142857,19.829698857736243,,,,,,,
2006-12-29,26.73,,,,,1.3762637362637362,19.422149473011817,,,,,,,
2007-01-03,26.06,,,,,1.379010989010989,18.89760140250219,,,,,,,
2007-01-04,26.5,,,,,1.3795604395604395,19.20901704635973,,,,,,,
2007-01-05,26.17,,,,,1.38010989010989,18.962258141571784,,,,,,,
2007-01-08,26.09,,,,,1.3817582417582417,18.88174009861619,,,,,,,
2007-01-09,26.24,,,,,1.3823076923076922,18.982749026154703,,,,,,,
2007-01-10,26.04,,,,,1.3828571428571428,18.83057851239669,,,,,,,
2007-01-11,26.06,,,,,1.383406593406593,18.83755659702916,,,,,,,
2007-01-12,26.54,,,,,1.383956043956044,19.176909639510875,,,,,,,
2007-01-16,26.76,,,,,1.386153846153846,19.30521642619312,,,,,,,
2007-01-17,26.43,,,,,1.3867032967032966,19.059592677708217,,,,,,,
2007-01-18,25.83,,,,,1.3872527472527472,18.61953422053232,,,,,,,
2007-01-19,25.82,,,,,1.3878021978021975,18.60495684535593,,,,,,,
2007-01-22,25.7,,,,,1.3894505494505494,18.496520088579565,,,,,,,
2007-01-23,25.75,2007-01-23,1.39,0.0,actual,1.39,18.52517985611511,,,,,,,
2007-01-24,24.53,,,,,1.39,17.64748201438849,,,,,,,
2007-01-25,24.27,,,,,1.39,17.46043165467626,,,,,,,
2007-01-26,24.8,,,,,1.39,17.84172661870504,,,,,,,
2007-01-29,24.76,,,,,1.39,17.812949640287773,,,,,,,
2007-01-30,24.98,,,,,1.39,17.971223021582734,,,,,,,
2007-01-31,25.08,,,,,1.39,18.0431654676259,,,,,,,
2007-02-01,25.28,,,,,1.39,18.18705035971223,,,,,,,
2007-02-02,25.15,,,,,1.39,18.093525179856115,,,,,,,
2007-02-05,24.5,,,,,1.39,17.625899280575542,,,,,,,
2007-02-06,24.68,,,,,1.39,17.755395683453237,,,,,,,
2007-02-07,24.84,,,,,1.39,17.870503597122305,,,,,,,
2007-02-08,25.15,,,,,1.39,18.093525179856115,,,,,,,
2007-02-09,24.72,,,,,1.39,17.784172661870503,,,,,,,
2007-02-12,24.72,,,,,1.39,17.784172661870503,,,,,,,
2007-02-13,25.06,,,,,1.39,18.028776978417262,,,,,,,
2007-02-14,25.07,,,,,1.39,18.035971223021583,,,,,,,
2007-02-15,25.38,,,,,1.39,18.2589928057554,,,,,,,
2007-02-16,25.49,,,,,1.39,18.33812949640288,,,,,,,
2007-02-20,25.16,,,,,1.39,18.100719424460436,,,,,,,
2007-02-21,25.63,,,,,1.39,18.43884892086331,,,,,,,
2007-02-22,25.58,,,,,1.39,18.402877697841728,,,,,,,
2007-02-23,25.51,,,,,1.39,18.352517985611517,,,,,,,
2007-02-26,25.35,,,,,1.39,18.23741007194245,,,,,,,
2007-02-27,24.34,,,,,1.39,17.510791366906474,,,,,,,
2007-02-28,24.66,,,,,1.39,17.741007194244606,,,,,,,
2007-03-01,24.75,,,,,1.39,17.805755395683455,,,,,,,
2007-03-02,24.47,,,,,1.39,17.60431654676259,,,,,,,
2007-03-05,24.24,,,,,1.39,17.43884892086331,,,,,,,
2007-03-06,24.68,,,,,1.39,17.755395683453237,,,,,,,
2007-03-07,24.38,,,,,1.39,17.53956834532374,,,,,,,
2007-03-08,24.47,,,,,1.39,17.60431654676259,,,,,,,
2007-03-09,24.54,,,,,1.39,17.654676258992808,,,,,,,
2007-03-12,24.66,,,,,1.39,17.741007194244606,,,,,,,
2007-03-13,24.36,,,,,1.39,17.52517985611511,,,,,,,
2007-03-14,24.71,,,,,1.39,17.77697841726619,,,,,,,
2007-03-15,24.85,,,,,1.39,17.877697841726622,,,,,,,
2007-03-16,24.58,,,,,1.39,17.68345323741007,,,,,,,
2007-03-19,24.95,,,,,1.39,17.949640287769785,,,,,,,
2007-03-20,24.83,,,,,1.39,17.863309352517987,,,,,,,
2007-03-21,25.05,,,,,1.39,18.021582733812952,,,,,,,
2007-03-22,24.98,,,,,1.39,17.971223021582734,,,,,,,
2007-03-23,24.93,,,,,1.39,17.93525179856115,,,,,,,
2007-03-26,25.31,,,,,1.39,18.20863309352518,,,,,,,
2007-03-27,25.23,,,,,1.39,18.151079136690647,,,,,,,
2007-03-28,25.28,,,,,1.39,18.18705035971223,,,,,,,
2007-03-29,24.92,,,,,1.39,17.928057553956837,,,,,,,
2007-03-30,25.02,,,,,1.39,18.0,,,,,,,
2007-04-02,24.99,,,,,1.39,17.97841726618705,,,,,,,
2007-04-03,25.09,,,,,1.39,18.050359712230215,,,,,,,
2007-04-04,25.02,,,,,1.39,18.0,,,,,,,
2007-04-05,25.02,,,,,1.39,18.0,,,,,,,
2007-04-09,24.84,,,,,1.39,17.870503597122305,,,,,,,
2007-04-10,24.91,,,,,1.39,17.92086330935252,,,,,,,
2007-04-11,24.68,,,,,1.39,17.755395683453237,,,,,,,
2007-04-12,24.89,,,,,1.39,17.906474820143888,,,,,,,
2007-04-13,25.11,,,,,1.39,18.06474820143885,,,,,,,
2007-04-16,25.54,,,,,1.39,18.37410071942446,,,,,,,
2007-04-17,25.88,,,,,1.39,18.618705035971225,,,,,,,
2007-04-18,25.37,,,,,1.39,18.25179856115108,,,,,,,
2007-04-19,25.39,,,,,1.39,18.266187050359715,,,,,,,
2007-04-20,26.01,,,,,1.39,18.71223021582734,,,,,,,
2007-04-23,25.55,,,,,1.39,18.38129496402878,,,,,,,
2007-04-24,25.87,2007-04-24,1.39,0.0,actual,1.39,18.611510791366907,,,,,,,
2007-04-25,27.01,,,,,1.3902197802197802,19.42858272073354,,,,,,,
2007-04-26,26.79,,,,,1.3904395604395603,19.267288390105115,,,,,,,
2007-04-27,26.77,,,,,1.3906593406593406,19.249861714737257,,,,,,,
2007-04-30,26.78,,,,,1.3913186813186813,19.24792670405181,,,,,,,
2007-05-01,26.89,,,,,1.3915384615384614,19.323935876174684,,,,,,,
2007-05-02,27.02,,,,,1.3917582417582417,19.41429135412554,,,,,,,
2007-05-03,27.11,,,,,1.3919780219780218,19.47588221362596,,,,,,,
2007-05-04,27.96,,,,,1.392197802197802,20.083353066540376,,,,,,,
2007-05-07,27.26,,,,,1.3928571428571428,19.57128205128205,,,,,,,
2007-05-08,27.56,,,,,1.3930769230769229,19.783545002760903,,,,,,,
2007-05-09,27.56,,,,,1.3932967032967032,19.780424323684837,,,,,,,
2007-05-10,27.16,,,,,1.3935164835164835,19.490261020424256,,,,,,,
2007-05-11,27.51,,,,,1.3937362637362636,19.738311125128128,,,,,,,
2007-05-14,26.98,,,,,1.3943956043956045,19.348884860903144,,,,,,,
2007-05-15,26.99,,,,,1.3946153846153846,19.35300606729178,,,,,,,
2007-05-16,27.2,,,,,1.394835164835165,19.50051209327976,,,,,,,
2007-05-17,27.11,,,,,1.395054945054945,19.432926348956283,,,,,,,
2007-05-18,27.07,,,,,1.3952747252747253,19.401197133181068,,,,,,,
2007-05-21,27.22,,,,,1.3959340659340658,19.49948830984807,,,,,,,
2007-05-22,27.49,,,,,1.396153846153846,19.68980716253444,,,,,,,
2007-05-23,27.58,,,,,1.3963736263736264,19.7511607775242,,,,,,,
2007-05-24,26.81,,,,,1.3965934065934065,19.19671099221025,,,,,,,
2007-05-25,27.23,,,,,1.3968131868131868,19.49437495082999,,,,,,,
2007-05-29,26.99,,,,,1.3976923076923076,19.310401761144742,,,,,,,
2007-05-30,27.38,,,,,1.397912087912088,19.586353274113662,,,,,,,
2007-05-31,27.8,,,,,1.398131868131868,19.8836752338285,,,,,,,
2007-06-01,28.22,,,,,1.3983516483516485,20.180903732809423,,,,,,,
2007-06-04,27.83,,,,,1.399010989010989,19.892624302882727,,,,,,,
2007-06-05,27.38,,,,,1.399230769230769,19.567894447498627,,,,,,,
2007-06-06,27.15,,,,,1.3994505494505494,19.40047114252061,,,,,,,
2007-06-07,26.54,,,,,1.3996703296703297,18.96160791395148,,,,,,,
2007-06-08,26.87,,,,,1.3998901098901098,19.194363764816707,,,,,,,
2007-06-11,26.67,,,,,1.4005494505494505,19.04252648097293,,,,,,,
2007-06-12,26.66,,,,,1.4007692307692308,19.032399780340477,,,,,,,
2007-06-13,27.03,,,,,1.4009890109890109,19.29351321672288,,,,,,,
2007-06-14,27.02,,,,,1.4012087912087912,19.28335032546467,,,,,,,
2007-06-15,26.97,,,,,1.4014285714285712,19.244648318042817,,,,,,,
2007-06-18,27.12,,,,,1.402087912087912,19.34258170703033,,,,,,,
2007-06-19,27.16,,,,,1.4023076923076925,19.36807460230389,,,,,,,
2007-06-20,26.46,,,,,1.4025274725274723,18.865940609574555,,,,,,,
2007-06-21,26.89,,,,,1.4027472527472526,19.16952604778692,,,,,,,
2007-06-22,26.49,,,,,1.402967032967033,18.881413017936868,,,,,,,
2007-06-25,26.24,,,,,1.4036263736263734,18.69443357081344,,,,,,,
2007-06-26,26.35,,,,,1.4038461538461535,18.76986301369864,,,,,,,
2007-06-27,26.31,,,,,1.404065934065934,18.738436252641463,,,,,,,
2007-06-28,26.63,,,,,1.404285714285714,18.96337741607325,,,,,,,
2007-06-29,26.51,,,,,1.4045054945054944,18.874970659572806,,,,,,,
2007-07-02,26.58,,,,,1.4051648351648351,18.91593024165168,,,,,,,
2007-07-03,26.52,,,,,1.4053846153846152,18.87027914614122,,,,,,,
2007-07-05,26.5,,,,,1.4058241758241758,18.850152427108576,,,,,,,
2007-07-06,26.67,,,,,1.406043956043956,18.968112543962487,,,,,,,
2007-07-09,26.55,,,,,1.4067032967032966,18.873916100304665,,,,,,,
2007-07-10,26.44,,,,,1.406923076923077,18.79278294149809,,,,,,,
2007-07-11,26.38,,,,,1.407142857142857,18.747208121827413,,,,,,,
2007-07-12,27.09,,,,,1.4073626373626371,19.2487702037948,,,,,,,
2007-07-13,26.83,,,,,1.4075824175824174,19.06105082363963,,,,,,,
2007-07-16,26.65,,,,,1.408241758241758,18.92430745220445,,,,,,,
2007-07-17,26.6,,,,,1.4084615384615384,18.88585472419443,,,,,,,
2007-07-18,26.54,,,,,1.4086813186813183,18.840315157188552,,,,,,,
2007-07-19,26.37,,,,,1.4089010989010988,18.716714764838937,,,,,,,
2007-07-20,25.79,,,,,1.4091208791208791,18.302191374873274,,,,,,,
2007-07-23,25.9,,,,,1.4097802197802196,18.371657962428877,,,,,,,
2007-07-24,25.04,2007-07-24,1.41,0.0,actual,1.41,17.75886524822695,,,,,,,
2007-07-25,26.78,,,,,1.4102197802197802,18.989947790851712,,,,,,,
2007-07-26,24.97,,,,,1.4104395604395603,17.703700818075575,,,,,,,
2007-07-27,24.37,,,,,1.4106593406593406,17.275609566097998,,,,,,,
2007-07-30,24.58,,,,,1.411318681318681,17.416335747099588,,,,,,,
2007-07-31,25.02,,,,,1.4115384615384614,17.72534059945504,,,,,,,
2007-08-01,25.66,,,,,1.4117582417582415,18.17591655639449,,,,,,,
2007-08-02,25.56,,,,,1.4119780219780218,18.102264767686204,,,,,,,
2007-08-03,23.99,,,,,1.412197802197802,16.987705236946542,,,,,,,
2007-08-06,24.23,,,,,1.4128571428571428,17.14964610717897,,,,,,,
2007-08-07,23.8,,,,,1.413076923076923,16.84267827980403,,,,,,,
2007-08-08,21.35,,,,,1.4132967032967032,15.106523598476016,,,,,,,
2007-08-09,20.96,,,,,1.4135164835164835,14.82826712275519,,,,,,,
2007-08-10,22.01,,,,,1.4137362637362636,15.568674698795183,,,,,,,
2007-08-13,22.76,,,,,1.4143956043956043,16.09167896822314,,,,,,,
2007-08-14,22.44,,,,,1.4146153846153846,15.862969004893966,,,,,,,
2007-08-15,22.52,,,,,1.4148351648351647,15.917048543689322,,,,,,,
2007-08-16,22.73,,,,,1.415054945054945,16.062980507882273,,,,,,,
2007-08-17,23.11,,,,,1.4152747252747253,16.32898516965603,,,,,,,
2007-08-20,23.1,,,,,1.4159340659340658,16.314318975552972,,,,,,,
2007-08-21,23.25,,,,,1.416153846153846,16.417707767517655,,,,,,,
2007-08-22,23.43,,,,,1.4163736263736264,16.54224532547133,,,,,,,
2007-08-23,23.5,,,,,1.4165934065934065,16.58909316577457,,,,,,,
2007-08-24,23.82,,,,,1.4168131868131868,16.81237881020709,,,,,,,
2007-08-27,23.78,,,,,1.4174725274725275,16.776339251104737,,,,,,,
2007-08-28,23.07,,,,,1.4176923076923076,16.272924579489963,,,,,,,
2007-08-29,23.48,,,,,1.417912087912088,16.559559792296366,,,,,,,
2007-08-30,23.35,,,,,1.418131868131868,16.465323518016277,,,,,,,
2007-08-31,23.12,,,,,1.4183516483516485,16.30061207096924,,,,,,,
2007-09-04,23.03,,,,,1.419230769230769,16.227100271002712,,,,,,,
2007-09-05,22.83,,,,,1.4194505494505494,16.08368816288612,,,,,,,
2007-09-06,22.64,,,,,1.4196703296703297,15.947364347085689,,,,,,,
2007-09-07,22.06,,,,,1.4198901098901098,15.536413590279391,,,,,,,
2007-09-10,21.78,,,,,1.4205494505494505,15.332095613831518,,,,,,,
2007-09-11,22.03,,,,,1.4207692307692308,15.50568489442339,,,,,,,
2007-09-12,21.94,,,,,1.4209890109890109,15.439950506534686,,,,,,,
2007-09-13,21.7,,,,,1.4212087912087912,15.268692492074535,,,,,,,
2007-09-14,21.58,,,,,1.4214285714285713,15.181909547738694,,,,,,,
2007-09-17,21.5,,,,,1.422087912087912,15.118615253844371,,,,,,,
2007-09-18,22.02,,,,,1.4223076923076925,15.481882098431582,,,,,,,
2007-09-19,22.27,,,,,1.4225274725274724,15.6552336809579,,,,,,,
2007-09-20,21.97,,,,,1.4227472527472529,15.44195566540511,,,,,,,
2007-09-21,22.31,,,,,1.422967032967033,15.678507992895204,,,,,,,
2007-09-24,22.15,,,,,1.4236263736263737,15.55885758394442,,,,,,,
2007-09-25,21.39,,,,,1.4238461538461538,15.022690437601298,,,,,,,
2007-09-26,21.52,,,,,1.424065934065934,15.111659850297093,,,,,,,
2007-09-27,21.77,,,,,1.4242857142857142,15.284854563691074,,,,,,,
2007-09-28,21.25,,,,,1.4245054945054945,14.917457378693204,,,,,,,
2007-10-01,21.36,,,,,1.4251648351648352,14.987739995373582,,,,,,,
2007-10-02,21.69,,,,,1.4253846153846153,15.21694549379385,,,,,,,
2007-10-03,20.7,,,,,1.4256043956043956,14.520157249672396,,,,,,,
2007-10-04,20.72,,,,,1.425824175824176,14.531946050096336,,,,,,,
2007-10-05,20.9,,,,,1.426043956043956,14.65592972181552,,,,,,,
2007-10-08,21.05,,,,,1.4267032967032969,14.754294076869751,,,,,,,
2007-10-09,21.07,,,,,1.426923076923077,14.766037735849055,,,,,,,
2007-10-10,21.12,,,,,1.427142857142857,14.7987987987988,,,,,,,
2007-10-11,21.19,,,,,1.4273626373626374,14.845561629070753,,,,,,,
2007-10-12,21.41,,,,,1.4275824175824174,14.997382803479333,,,,,,,
2007-10-15,21.05,,,,,1.428241758241758,14.738401169500658,,,,,,,
2007-10-16,20.24,,,,,1.4284615384615384,14.169089929994614,,,,,,,
2007-10-17,20.02,,,,,1.4286813186813183,14.012922082916702,,,,,,,
2007-10-18,20.35,,,,,1.4289010989010988,14.241713450742138,,,,,,,
2007-10-19,20.06,,,,,1.4291208791208792,14.03660130718954,,,,,,,
2007-10-22,20.39,,,,,1.4297802197802196,14.26093305664438,,,,,,,
2007-10-23,20.63,2007-10-23,1.43,0.0,actual,1.43,14.426573426573428,,,,,,,
2007-10-24,21.25,,,,,1.4307142857142856,14.852720918622069,,,,,,,
2007-10-25,21.0,,,,,1.4314285714285713,14.670658682634732,,,,,,,
2007-10-26,20.99,,,,,1.4321428571428572,14.656359102244387,,,,,,,
2007-10-29,20.55,,,,,1.4342857142857142,14.32768924302789,,,,,,,
2007-10-30,20.3,,,,,1.435,14.146341463414634,,,,,,,
2007-10-31,20.53,,,,,1.4357142857142855,14.299502487562192,,,,,,,
2007-11-01,19.3,,,,,1.4364285714285714,13.436101442068624,,,,,,,
2007-11-02,19.4,,,,,1.437142857142857,13.499005964214712,,,,,,,
2007-11-05,19.13,,,,,1.4392857142857145,13.291315136476424,,,,,,,
2007-11-06,19.2,,,,,1.44,13.333333333333334,,,,,,,
2007-11-07,19.2,,,,,1.4407142857142856,13.326722855726327,,,,,,,
2007-11-08,19.24,,,,,1.4414285714285713,13.34786917740337,,,,,,,
2007-11-09,18.85,,,,,1.4421428571428572,13.07082714214958,,,,,,,
2007-11-12,18.81,,,,,1.4442857142857142,13.02373887240356,,,,,,,
2007-11-13,18.68,,,,,1.445,12.927335640138407,,,,,,,
2007-11-14,18.11,,,,,1.4457142857142855,12.526679841897234,,,,,,,
2007-11-15,17.7,,,,,1.4464285714285714,12.237037037037036,,,,,,,
2007-11-16,17.52,,,,,1.447142857142857,12.106614017769004,,,,,,,
2007-11-19,17.26,,,,,1.4492857142857145,11.90931493346476,,,,,,,
2007-11-20,16.8,,,,,1.45,11.586206896551724,,,,,,,
2007-11-21,16.78,,,,,1.4507142857142856,11.566715903495815,,,,,,,
2007-11-23,16.62,,,,,1.4521428571428572,11.44515494343335,,,,,,,
2007-11-26,16.18,,,,,1.4542857142857142,11.12573673870334,,,,,,,
2007-11-27,16.31,,,,,1.455,11.209621993127149,,,,,,,
2007-11-28,16.62,,,,,1.4557142857142855,11.417075564278706,,,,,,,
2007-11-29,16.85,,,,,1.4564285714285714,11.569396763119178,,,,,,,
2007-11-30,16.57,,,,,1.457142857142857,11.371568627450982,,,,,,,
2007-12-03,16.29,,,,,1.4592857142857143,11.162995594713657,,,,,,,
2007-12-04,16.44,,,,,1.46,11.26027397260274,,,,,,,
2007-12-05,16.47,,,,,1.4607142857142856,11.275305623471883,,,,,,,
2007-12-06,16.62,,,,,1.4614285714285713,11.37243401759531,,,,,,,
2007-12-07,16.35,,,,,1.4621428571428572,11.182217879824131,,,,,,,
2007-12-10,16.51,,,,,1.4642857142857142,11.275121951219514,,,,,,,
2007-12-11,16.05,,,,,1.465,10.955631399317406,,,,,,,
2007-12-12,16.29,,,,,1.4657142857142855,11.1140350877193,,,,,,,
2007-12-13,16.38,,,,,1.4664285714285714,11.169995129079396,,,,,,,
2007-12-14,16.13,,,,,1.467142857142857,10.994157740993185,,,,,,,
2007-12-17,15.93,,,,,1.4692857142857143,10.842002916869228,,,,,,,
2007-12-18,15.55,,,,,1.47,10.578231292517009,,,,,,,
2007-12-19,15.29,,,,,1.4707142857142856,10.396308887809615,,,,,,,
2007-12-20,15.09,,,,,1.4714285714285713,10.255339805825244,,,,,,,
2007-12-21,15.15,,,,,1.4721428571428572,10.291120815138282,,,,,,,
2007-12-24,15.49,,,,,1.4742857142857142,10.506782945736434,,,,,,,
2007-12-26,15.57,,,,,1.4757142857142858,10.55082284607938,,,,,,,
2007-12-27,15.22,,,,,1.4764285714285714,10.308659893565554,,,,,,,
2007-12-28,14.59,,,,,1.477142857142857,9.877176015473887,,,,,,,
2007-12-31,14.72,,,,,1.4792857142857143,9.950748430709805,,,,,,,
2008-01-02,14.29,,,,,1.4807142857142856,9.650747708634828,,,,,,,
2008-01-03,13.83,,,,,1.481428571428571,9.335583413693348,,,,,,,
2008-01-04,13.12,,,,,1.4821428571428572,8.852048192771083,,,,,,,
2008-01-07,13.86,,,,,1.4842857142857142,9.337824831568817,,,,,,,
2008-01-08,13.19,,,,,1.485,8.88215488215488,,,,,,,
2008-01-09,13.2,,,,,1.4857142857142858,8.884615384615383,,,,,,,
2008-01-10,13.41,,,,,1.4864285714285714,9.02162421912542,,,,,,,
2008-01-11,12.9,,,,,1.487142857142857,8.67435158501441,,,,,,,
2008-01-14,12.91,,,,,1.4892857142857143,8.668585131894485,,,,,,,
2008-01-15,12.49,,,,,1.49,8.38255033557047,,,,,,,
2008-01-16,13.04,,,,,1.4907142857142857,8.747484427407763,,,,,,,
2008-01-17,12.84,,,,,1.491428571428571,8.609195402298852,,,,,,,
2008-01-18,13.0,,,,,1.4921428571428572,8.71230253709909,,,,,,,
2008-01-22,12.85,,,,,1.495,8.595317725752507,,,,,,,
2008-01-23,13.35,,,,,1.4957142857142858,8.925501432664756,,,,,,,
2008-01-24,13.18,,,,,1.4964285714285714,8.80763723150358,,,,,,,
2008-01-25,12.73,,,,,1.497142857142857,8.502862595419847,,,,,,,
2008-01-28,12.94,,,,,1.4992857142857143,8.630776560266794,,,,,,,
2008-01-29,13.43,2008-01-29,1.5,0.0,actual,1.5,8.953333333333333,,,,,,,
2008-01-30,12.65,,,,,1.5014285714285711,8.425309229305425,,,,,,,
2008-01-31,12.76,,,,,1.502857142857143,8.490494296577946,,,,,,,
2008-02-01,12.79,,,,,1.5042857142857142,8.502374169040836,,,,,,,
2008-02-04,12.73,,,,,1.508571428571429,8.438446969696969,,,,,,,
2008-02-05,12.33,,,,,1.51,8.165562913907285,,,,,,,
2008-02-06,12.32,,,,,1.5114285714285711,8.151228733459359,,,,,,,
2008-02-07,12.3,,,,,1.512857142857143,8.130311614730878,,,,,,,
2008-02-08,12.12,,,,,1.5142857142857142,8.00377358490566,,,,,,,
2008-02-11,12.14,,,,,1.518571428571429,7.994355597365944,,,,,,,
2008-02-12,12.16,,,,,1.52,8.0,,,,,,,
2008-02-13,12.54,,,,,1.5214285714285714,8.242253521126761,,,,,,,
2008-02-14,12.28,,,,,1.522857142857143,8.063789868667916,,,,,,,
2008-02-15,12.18,,,,,1.5242857142857142,7.990627928772259,,,,,,,
2008-02-19,12.1,,,,,1.53,7.908496732026143,,,,,,,
2008-02-20,12.28,,,,,1.5314285714285714,8.01865671641791,,,,,,,
2008-02-21,11.62,,,,,1.532857142857143,7.580615097856477,,,,,,,
2008-02-22,11.79,,,,,1.5342857142857145,7.684357541899439,,,,,,,
2008-02-25,11.81,,,,,1.5385714285714287,7.675951717734447,,,,,,,
2008-02-26,11.79,,,,,1.54,7.6558441558441555,,,,,,,
2008-02-27,11.71,,,,,1.5414285714285714,7.5968489341983325,,,,,,,
2008-02-28,11.62,,,,,1.542857142857143,7.531481481481481,,,,,,,
2008-02-29,11.35,,,,,1.5442857142857145,7.349676225716927,,,,,,,
2008-03-03,10.88,,,,,1.5485714285714287,7.025830258302583,,,,,,,
2008-03-04,10.8,,,,,1.55,6.967741935483871,,,,,,,
2008-03-05,10.81,,,,,1.5514285714285714,6.967771639042358,,,,,,,
2008-03-06,11.01,,,,,1.552857142857143,7.09015639374425,,,,,,,
2008-03-07,10.97,,,,,1.5542857142857145,7.057904411764706,,,,,,,
2008-03-10,11.0,,,,,1.5585714285714287,7.057745187901007,,,,,,,
2008-03-11,11.42,,,,,1.56,7.32051282051282,,,,,,,
2008-03-12,11.29,,,,,1.5614285714285714,7.230558096980786,,,,,,,
2008-03-13,11.33,,,,,1.562857142857143,7.249542961608775,,,,,,,
2008-03-14,10.74,,,,,1.5642857142857145,6.865753424657534,,,,,,,
2008-03-17,10.55,,,,,1.5685714285714287,6.725865209471767,,,,,,,
2008-03-18,10.9,,,,,1.57,6.942675159235669,,,,,,,
2008-03-19,10.89,,,,,1.5714285714285714,6.930000000000001,,,,,,,
2008-03-20,11.0,,,,,1.572857142857143,6.993642143505904,,,,,,,
2008-03-24,11.43,,,,,1.5785714285714287,7.240723981900452,,,,,,,
2008-03-25,11.31,,,,,1.58,7.158227848101266,,,,,,,
2008-03-26,11.36,,,,,1.5814285714285714,7.183378500451671,,,,,,,
2008-03-27,11.33,,,,,1.582857142857143,7.157942238267148,,,,,,,
2008-03-28,11.28,,,,,1.5842857142857143,7.119927862939584,,,,,,,
2008-03-31,11.37,,,,,1.5885714285714287,7.157374100719423,,,,,,,
2008-04-01,11.86,,,,,1.59,7.459119496855346,,,,,,,
2008-04-02,11.57,,,,,1.5914285714285714,7.270197486535009,,,,,,,
2008-04-03,11.47,,,,,1.592857142857143,7.200896860986547,,,,,,,
2008-04-04,11.51,,,,,1.5942857142857143,7.219534050179211,,,,,,,
2008-04-07,11.47,,,,,1.5985714285714288,7.175156389633601,,,,,,,
2008-04-08,11.46,,,,,1.6,7.1625000000000005,,,,,,,
2008-04-09,11.34,,,,,1.6014285714285714,7.081177520071365,,,,,,,
2008-04-10,11.47,,,,,1.602857142857143,7.155971479500892,,,,,,,
2008-04-11,10.98,,,,,1.6042857142857143,6.8441674087266255,,,,,,,
2008-04-14,10.97,,,,,1.6085714285714288,6.819715808170515,,,,,,,
2008-04-15,11.18,,,,,1.61,6.944099378881987,,,,,,,
2008-04-16,11.37,,,,,1.6114285714285717,7.0558510638297856,,,,,,,
2008-04-17,11.45,,,,,1.612857142857143,7.099202834366695,,,,,,,
2008-04-18,12.61,,,,,1.6142857142857143,7.811504424778761,,,,,,,
2008-04-21,12.31,,,,,1.6185714285714288,7.605472197705207,,,,,,,
2008-04-22,11.85,2008-04-22,1.62,0.0,actual,1.62,7.314814814814814,,,,,,,
2008-04-23,12.37,,,,,1.6203296703296703,7.634248897931502,,,,,,,
2008-04-24,12.51,,,,,1.6206593406593408,7.7190805532953615,,,,,,,
2008-04-25,12.29,,,,,1.620989010989011,7.581791065012541,,,,,,,
2008-04-28,12.13,,,,,1.621978021978022,7.478523035230353,,,,,,,
2008-04-29,12.23,,,,,1.6223076923076925,7.53864390706496,,,,,,,
2008-04-30,12.1,,,,,1.6226373626373627,7.456995801164838,,,,,,,
2008-05-01,13.06,,,,,1.6229670329670332,8.046990317557045,,,,,,,
2008-05-02,12.57,,,,,1.6232967032967034,7.743501218521527,,,,,,,
2008-05-05,12.66,,,,,1.6242857142857143,7.79419525065963,,,,,,,
2008-05-06,12.74,,,,,1.6246153846153848,7.84185606060606,,,,,,,
2008-05-07,12.5,,,,,1.624945054945055,7.692567796037059,,,,,,,
2008-05-08,12.55,,,,,1.6252747252747253,7.721771467207573,,,,,,,
2008-05-09,12.41,,,,,1.6256043956043955,7.634083688230921,,,,,,,
2008-05-12,12.61,,,,,1.626593406593407,7.752398324550734,,,,,,,
2008-05-13,12.74,,,,,1.626923076923077,7.8307328605200945,,,,,,,
2008-05-14,12.71,,,,,1.6272527472527474,7.8107104267963265,,,,,,,
2008-05-15,12.79,,,,,1.6275824175824176,7.858281007359395,,,,,,,
2008-05-16,12.81,,,,,1.627912087912088,7.868975293641149,,,,,,,
2008-05-19,12.59,,,,,1.628901098901099,7.729137151723672,,,,,,,
2008-05-20,12.78,,,,,1.6292307692307693,7.844192634560906,,,,,,,
2008-05-21,12.78,,,,,1.6295604395604395,7.842605705037426,,,,,,,
2008-05-22,12.98,,,,,1.62989010989011,7.963727076591154,,,,,,,
2008-05-23,12.82,,,,,1.6302197802197802,7.86397034041119,,,,,,,
2008-05-27,13.47,,,,,1.6315384615384616,8.256011315417256,,,,,,,
2008-05-28,13.36,,,,,1.6318681318681318,8.186936026936026,,,,,,,
2008-05-29,13.62,,,,,1.6321978021978023,8.344576853160977,,,,,,,
2008-05-30,13.28,,,,,1.6325274725274723,8.134625740441573,,,,,,,
2008-06-02,13.05,,,,,1.6335164835164837,7.988900100908173,,,,,,,
2008-06-03,12.95,,,,,1.633846153846154,7.92608286252354,,,,,,,
2008-06-04,12.94,,,,,1.6341758241758242,7.918364602245981,,,,,,,
2008-06-05,12.98,,,,,1.6345054945054944,7.941239747209897,,,,,,,
2008-06-06,12.32,,,,,1.634835164835165,7.535927942461518,,,,,,,
2008-06-09,12.24,,,,,1.6358241758241758,7.482466747279323,,,,,,,
2008-06-10,12.26,,,,,1.636153846153846,7.493182886694876,,,,,,,
2008-06-11,11.84,,,,,1.6364835164835163,7.235025517056139,,,,,,,
2008-06-12,11.88,,,,,1.6368131868131868,7.258006042296073,,,,,,,
2008-06-13,12.01,,,,,1.6371428571428572,7.335951134380453,,,,,,,
2008-06-16,12.18,,,,,1.6381318681318682,7.435298852887905,,,,,,,
2008-06-17,11.98,,,,,1.6384615384615384,7.311737089201879,,,,,,,
2008-06-18,12.02,,,,,1.6387912087912089,7.334674445115,,,,,,,
2008-06-19,12.07,,,,,1.6391208791208791,7.363703405738804,,,,,,,
2008-06-20,11.55,,,,,1.6394505494505494,7.045043233460689,,,,,,,
2008-06-23,11.27,,,,,1.6404395604395603,6.870109860664523,,,,,,,
2008-06-24,11.16,,,,,1.6407692307692308,6.801687763713081,,,,,,,
2008-06-25,11.37,,,,,1.641098901098901,6.928284451586983,,,,,,,
2008-06-26,11.28,,,,,1.6414285714285717,6.872062663185377,,,,,,,
2008-06-27,11.13,,,,,1.6417582417582417,6.779317269076306,,,,,,,
2008-06-30,11.02,,,,,1.6427472527472526,6.708274800990033,,,,,,,
2008-07-01,11.08,,,,,1.643076923076923,6.743445692883896,,,,,,,
2008-07-02,11.16,,,,,1.6434065934065931,6.790772316950854,,,,,,,
2008-07-03,11.39,,,,,1.6437362637362636,6.929335472656773,,,,,,,
2008-07-07,11.36,,,,,1.645054945054945,6.905544422177688,,,,,,,
2008-07-08,11.76,,,,,1.6453846153846152,7.147265077138851,,,,,,,
2008-07-09,11.45,,,,,1.6457142857142857,6.957465277777778,,,,,,,
2008-07-10,11.5,,,,,1.646043956043956,6.98644769343748,,,,,,,
2008-07-11,11.5,,,,,1.6463736263736264,6.985048725136831,,,,,,,
2008-07-14,12.76,,,,,1.647362637362637,7.745714095123742,,,,,,,
2008-07-15,15.44,,,,,1.6476923076923076,9.370681605975724,,,,,,,
2008-07-16,14.72,,,,,1.648021978021978,8.93191971727679,,,,,,,
2008-07-17,14.94,,,,,1.6483516483516485,9.0636,,,,,,,
2008-07-18,14.94,,,,,1.6486813186813185,9.061787642471506,,,,,,,
2008-07-21,15.25,,,,,1.6496703296703297,9.244271249666934,,,,,,,
2008-07-22,15.51,2008-07-22,1.65,0.0,actual,1.65,9.4,,,,,,,
2008-07-23,16.94,,,,,1.65010989010989,10.265982951518382,,,,,,,
2008-07-24,16.51,,,,,1.6502197802197802,10.00472797496171,,,,,,,
2008-07-25,17.7,,,,,1.6503296703296702,10.725129844186975,,,,,,,
2008-07-28,17.43,,,,,1.6506593406593406,10.55941681645696,,,,,,,
2008-07-29,17.68,,,,,1.6507692307692308,10.710158434296366,,,,,,,
2008-07-30,17.64,,,,,1.6508791208791207,10.685216002130067,,,,,,,
2008-07-31,17.74,,,,,1.6509890109890109,10.74507454739084,,,,,,,
2008-08-01,18.79,,,,,1.651098901098901,11.380299500831947,,,,,,,
2008-08-04,18.42,,,,,1.6514285714285712,11.153979238754328,,,,,,,
2008-08-05,18.88,,,,,1.6515384615384614,11.431765253842572,,,,,,,
2008-08-06,18.58,,,,,1.6516483516483516,11.249367930805056,,,,,,,
2008-08-07,18.62,,,,,1.6517582417582417,11.272836138646795,,,,,,,
2008-08-08,19.27,,,,,1.651868131868132,11.665580095795637,,,,,,,
2008-08-11,19.67,,,,,1.652197802197802,11.905354173594947,,,,,,,
2008-08-12,19.72,,,,,1.6523076923076925,11.93482309124767,,,,,,,
2008-08-13,19.66,,,,,1.6524175824175824,11.897718959898915,,,,,,,
2008-08-14,19.61,,,,,1.6525274725274723,11.866671099880303,,,,,,,
2008-08-15,19.56,,,,,1.6526373626373625,11.835627368841012,,,,,,,
2008-08-18,19.46,,,,,1.652967032967033,11.772769578513495,,,,,,,
2008-08-19,19.11,,,,,1.6530769230769229,11.560260586319218,,,,,,,
2008-08-20,19.12,,,,,1.653186813186813,11.565541079500134,,,,,,,
2008-08-21,18.88,,,,,1.6532967032967032,11.419607843137255,,,,,,,
2008-08-22,19.39,,,,,1.6534065934065934,11.72730293765785,,,,,,,
2008-08-25,18.82,,,,,1.6537362637362636,11.380291049239151,,,,,,,
2008-08-26,18.77,,,,,1.6538461538461535,11.349302325581398,,,,,,,
2008-08-27,19.17,,,,,1.653956043956044,11.590392664939207,,,,,,,
2008-08-28,19.25,,,,,1.654065934065934,11.6379883072017,,,,,,,
2008-08-29,18.9,,,,,1.654175824175824,11.42562944263602,,,,,,,
2008-09-02,19.7,,,,,1.6546153846153846,11.90609019060902,,,,,,,
2008-09-03,19.69,,,,,1.6547252747252743,11.899256209323951,,,,,,,
2008-09-04,19.38,,,,,1.654835164835165,11.711136197622682,,,,,,,
2008-09-05,18.45,,,,,1.6549450549450548,11.148406374501992,,,,,,,
2008-09-08,18.84,,,,,1.6552747252747253,11.381796454889464,,,,,,,
2008-09-09,17.85,,,,,1.6553846153846152,10.782992565055764,,,,,,,
2008-09-10,18.45,,,,,1.6554945054945054,11.144706272817787,,,,,,,
2008-09-11,18.94,,,,,1.6556043956043955,11.439930970396922,,,,,,,
2008-09-12,18.31,,,,,1.6557142857142857,11.05867126833477,,,,,,,
2008-09-15,18.45,,,,,1.656043956043956,11.141008626410086,,,,,,,
2008-09-16,18.25,,,,,1.656153846153846,11.019507663725037,,,,,,,
2008-09-17,17.28,,,,,1.6562637362637362,10.43312101910828,,,,,,,
2008-09-18,16.72,,,,,1.6563736263736264,10.094340874411198,,,,,,,
2008-09-19,17.57,,,,,1.6564835164835163,10.60680642165318,,,,,,,
2008-09-22,17.13,,,,,1.6568131868131868,10.339125820786627,,,,,,,
2008-09-23,17.26,,,,,1.656923076923077,10.416898792943362,,,,,,,
2008-09-24,17.65,,,,,1.6570329670329669,10.651568406392997,,,,,,,
2008-09-25,18.36,,,,,1.657142857142857,11.079310344827586,,,,,,,
2008-09-26,19.04,,,,,1.6572527472527472,11.488893309462238,,,,,,,
2008-09-29,18.58,,,,,1.6575824175824174,11.209095730575443,,,,,,,
2008-09-30,17.53,,,,,1.6576923076923076,10.57494199535963,,,,,,,
2008-10-01,16.61,,,,,1.6578021978021975,10.019289407397588,,,,,,,
2008-10-02,15.62,,,,,1.657912087912088,9.421488698879829,,,,,,,
2008-10-03,15.31,,,,,1.658021978021978,9.233894485683988,,,,,,,
2008-10-06,15.87,,,,,1.6583516483516485,9.569743555761711,,,,,,,
2008-10-07,14.56,,,,,1.6584615384615384,8.779220779220779,,,,,,,
2008-10-08,14.34,,,,,1.6585714285714286,8.645994832041344,,,,,,,
2008-10-09,13.72,,,,,1.6586813186813183,8.271631111700016,,,,,,,
2008-10-10,14.0,,,,,1.658791208791209,8.439880755216958,,,,,,,
2008-10-13,15.28,,,,,1.6591208791208791,9.209696648562725,,,,,,,
2008-10-14,15.02,,,,,1.659230769230769,9.052387575336116,,,,,,,
2008-10-15,14.01,,,,,1.6593406593406592,8.443112582781458,,,,,,,
2008-10-16,14.87,,,,,1.6594505494505494,8.960797298192173,,,,,,,
2008-10-17,14.05,,,,,1.6595604395604395,8.466097205668124,,,,,,,
2008-10-20,14.72,,,,,1.6598901098901098,8.868056934789806,,,,,,,
2008-10-21,14.14,2008-10-21,1.66,0.0,actual,1.66,8.518072289156628,,,,,,,
2008-10-22,15.12,,,,,1.660408163265306,9.106194690265486,,,,,,,
2008-10-23,14.99,,,,,1.6608163265306122,9.025681985745884,,,,,,,
2008-10-24,14.9,,,,,1.6612244897959183,8.96928746928747,,,,,,,
2008-10-27,14.33,,,,,1.662448979591837,8.61981340535232,,,,,,,
2008-10-28,15.72,,,,,1.6628571428571428,9.45360824742268,,,,,,,
2008-10-29,15.96,,,,,1.663265306122449,9.595582822085891,,,,,,,
2008-10-30,16.66,,,,,1.663673469387755,10.013984298331698,,,,,,,
2008-10-31,16.63,,,,,1.6640816326530612,9.993500122639196,,,,,,,
2008-11-03,16.18,,,,,1.6653061224489796,9.71593137254902,,,,,,,
2008-11-04,15.91,,,,,1.6657142857142857,9.551457975986278,,,,,,,
2008-11-05,15.13,,,,,1.6661224489795918,9.08096521313082,,,,,,,
2008-11-06,15.04,,,,,1.666530612244898,9.024736713201078,,,,,,,
2008-11-07,15.66,,,,,1.666938775510204,9.394466209598432,,,,,,,
2008-11-10,15.51,,,,,1.6681632653061225,9.297651088818204,,,,,,,
2008-11-11,15.63,,,,,1.6685714285714286,9.367294520547944,,,,,,,
2008-11-12,15.2,,,,,1.6689795918367347,9.107361213010517,,,,,,,
2008-11-13,15.97,,,,,1.6693877551020408,9.56638141809291,,,,,,,
2008-11-14,14.42,,,,,1.669795918367347,8.63578587142508,,,,,,,
2008-11-17,14.34,,,,,1.6710204081632654,8.581582804103565,,,,,,,
2008-11-18,14.64,,,,,1.6714285714285717,8.758974358974358,,,,,,,
2008-11-19,13.83,,,,,1.6718367346938776,8.2723388671875,,,,,,,
2008-11-20,13.23,,,,,1.6722448979591835,7.91152062484745,,,,,,,
2008-11-21,14.19,,,,,1.67265306122449,8.483528550512442,,,,,,,
2008-11-24,15.36,,,,,1.6738775510204082,9.17629846378932,,,,,,,
2008-11-25,14.99,,,,,1.6742857142857144,8.953071672354948,,,,,,,
2008-11-26,16.33,,,,,1.6746938775510205,9.751035827443332,,,,,,,
2008-11-28,16.84,,,,,1.6755102040816328,10.050669914738124,,,,,,,
2008-12-01,15.07,,,,,1.6767346938775511,8.987706913339824,,,,,,,
2008-12-02,15.01,,,,,1.6771428571428573,8.949744463373083,,,,,,,
2008-12-03,15.98,,,,,1.6775510204081634,9.525790754257908,,,,,,,
2008-12-04,15.72,,,,,1.6779591836734695,9.368523473607397,,,,,,,
2008-12-05,16.46,,,,,1.6783673469387757,9.807149805447471,,,,,,,
2008-12-08,16.9,,,,,1.679591836734694,10.061968408262452,,,,,,,
2008-12-09,16.53,,,,,1.6800000000000002,9.839285714285714,,,,,,,
2008-12-10,16.57,,,,,1.680408163265306,9.860699538498908,,,,,,,
2008-12-11,16.12,,,,,1.6808163265306122,9.59057795046139,,,,,,,
2008-12-12,16.29,,,,,1.6812244897959183,9.689366351056082,,,,,,,
2008-12-15,15.86,,,,,1.6824489795918367,9.426734594856866,,,,,,,
2008-12-16,16.65,,,,,1.6828571428571428,9.893887945670627,,,,,,,
2008-12-17,17.33,,,,,1.683265306122449,10.29546556741028,,,,,,,
2008-12-18,17.03,,,,,1.683673469387755,10.11478787878788,,,,,,,
2008-12-19,17.27,,,,,1.6840816326530612,10.254847309743091,,,,,,,
2008-12-22,16.96,,,,,1.6853061224489796,10.063453620731412,,,,,,,
2008-12-23,16.64,,,,,1.6857142857142855,9.871186440677969,,,,,,,
2008-12-24,16.47,,,,,1.6861224489795918,9.76797385620915,,,,,,,
2008-12-26,16.57,,,,,1.686938775510204,9.82252601016211,,,,,,,
2008-12-29,16.55,,,,,1.6881632653061225,9.80355415860735,,,,,,,
2008-12-30,17.06,,,,,1.6885714285714286,10.10321489001692,,,,,,,
2008-12-31,17.47,,,,,1.6889795918367347,10.34352344127598,,,,,,,
2009-01-02,17.76,,,,,1.689795918367347,10.510144927536231,,,,,,,
2009-01-05,16.77,,,,,1.6910204081632654,9.91708906589428,,,,,,,
2009-01-06,16.5,,,,,1.6914285714285715,9.755067567567568,,,,,,,
2009-01-07,16.26,,,,,1.6918367346938776,9.610856453558505,,,,,,,
2009-01-08,16.29,,,,,1.6922448979591838,9.626266280752532,,,,,,,
2009-01-09,15.82,,,,,1.69265306122449,9.34627441523993,,,,,,,
2009-01-12,15.55,,,,,1.6938775510204085,9.180120481927707,,,,,,,
2009-01-13,14.84,,,,,1.6942857142857144,8.758853288364248,,,,,,,
2009-01-14,14.59,,,,,1.6946938775510203,8.609224470134874,,,,,,,
2009-01-15,14.89,,,,,1.6951020408163266,8.7841319528052,,,,,,,
2009-01-16,15.01,,,,,1.6955102040816328,8.852792489167067,,,,,,,
2009-01-20,14.05,,,,,1.6971428571428573,8.278619528619528,,,,,,,
2009-01-21,14.66,,,,,1.6975510204081634,8.635970185140659,,,,,,,
2009-01-22,13.9,,,,,1.6979591836734695,8.186298076923077,,,,,,,
2009-01-23,13.8,,,,,1.6983673469387757,8.125450612833454,,,,,,,
2009-01-26,14.03,,,,,1.699591836734694,8.254923150816522,,,,,,,
2009-01-27,14.42,2009-01-27,1.7000000000000002,0.0,actual,1.7000000000000002,8.482352941176469,,,,,,,
2009-01-28,14.73,,,,,1.6995604395604398,8.666946851157377,,,,,,,
2009-01-29,14.52,,,,,1.6991208791208794,8.545595653861078,,,,,,,
2009-01-30,14.5,,,,,1.6986813186813188,8.536033122008021,,,,,,,
2009-02-02,14.78,,,,,1.6973626373626376,8.707626569985756,,,,,,,
2009-02-03,15.31,,,,,1.696923076923077,9.022212148685403,,,,,,,
2009-02-04,15.46,,,,,1.6964835164835166,9.112968001036403,,,,,,,
2009-02-05,15.33,,,,,1.6960439560439562,9.038680834521186,,,,,,,
2009-02-06,15.47,,,,,1.6956043956043958,9.123590408295527,,,,,,,
2009-02-09,15.21,,,,,1.6942857142857144,8.977234401349072,,,,,,,
2009-02-10,15.2,,,,,1.693846153846154,8.973660308810171,,,,,,,
2009-02-11,15.01,,,,,1.6934065934065936,8.863789746917584,,,,,,,
2009-02-12,15.11,,,,,1.692967032967033,8.925159028949759,,,,,,,
2009-02-13,15.03,,,,,1.6925274725274726,8.880210362290612,,,,,,,
2009-02-17,14.73,,,,,1.6907692307692308,8.712010919017288,,,,,,,
2009-02-18,14.39,,,,,1.6903296703296704,8.51313223247952,,,,,,,
2009-02-19,14.39,,,,,1.68989010989011,8.515346599037587,,,,,,,
2009-02-20,13.87,,,,,1.6894505494505496,8.209769741121372,,,,,,,
2009-02-23,13.52,,,,,1.6881318681318682,8.008853013930477,,,,,,,
2009-02-24,14.2,,,,,1.6876923076923078,8.413855970829534,,,,,,,
2009-02-25,13.92,,,,,1.6872527472527474,8.25009769441188,,,,,,,
2009-02-26,13.16,,,,,1.6868131868131868,7.8016938110749185,,,,,,,
2009-02-27,13.52,,,,,1.6863736263736264,8.017203179981754,,,,,,,
2009-03-02,13.79,,,,,1.6850549450549452,8.183709403938957,,,,,,,
2009-03-03,13.51,,,,,1.6846153846153846,8.019634703196347,,,,,,,
2009-03-04,13.66,,,,,1.6841758241758242,8.110792117969464,,,,,,,
2009-03-05,13.33,,,,,1.6837362637362638,7.916916851585954,,,,,,,
2009-03-06,13.32,,,,,1.6832967032967034,7.913043478260869,,,,,,,
2009-03-09,12.51,,,,,1.681978021978022,7.43767150137201,,,,,,,
2009-03-10,12.93,,,,,1.6815384615384616,7.689387008234217,,,,,,,
2009-03-11,12.57,,,,,1.6810989010989013,7.477251928356647,,,,,,,
2009-03-12,12.7,,,,,1.6806593406593406,7.55655812737021,,,,,,,
2009-03-13,12.99,,,,,1.6802197802197802,7.731131458469588,,,,,,,
2009-03-16,12.61,,,,,1.6789010989010988,7.510865296504778,,,,,,,
2009-03-17,12.86,,,,,1.6784615384615384,7.661778185151237,,,,,,,
2009-03-18,13.75,,,,,1.678021978021978,8.194171578258022,,,,,,,
2009-03-19,13.49,,,,,1.6775824175824177,8.041333682693567,,,,,,,
2009-03-20,13.41,,,,,1.6771428571428573,7.9957410562180575,,,,,,,
2009-03-23,13.95,,,,,1.675824175824176,8.324262295081965,,,,,,,
2009-03-24,13.25,,,,,1.6753846153846157,7.9086317722681345,,,,,,,
2009-03-25,13.44,,,,,1.6749450549450549,8.02414381314788,,,,,,,
2009-03-26,13.9,,,,,1.6745054945054945,8.300958130988318,,,,,,,
2009-03-27,13.57,,,,,1.674065934065934,8.106012865957727,,,,,,,
2009-03-30,13.73,,,,,1.6727472527472529,8.20805413217711,,,,,,,
2009-03-31,14.28,,,,,1.6723076923076925,8.539098436062556,,,,,,,
2009-04-01,14.36,,,,,1.671868131868132,8.58919416327067,,,,,,,
2009-04-02,15.0,,,,,1.6714285714285717,8.974358974358973,,,,,,,
2009-04-03,15.41,,,,,1.670989010989011,9.222083388136262,,,,,,,
2009-04-06,14.94,,,,,1.6696703296703297,8.947874160852967,,,,,,,
2009-04-07,14.47,,,,,1.6692307692307693,8.668663594470047,,,,,,,
2009-04-08,14.67,,,,,1.668791208791209,8.790794152508889,,,,,,,
2009-04-09,15.08,,,,,1.6683516483516485,9.038861810038204,,,,,,,
2009-04-13,14.88,,,,,1.6665934065934065,8.92839245681129,,,,,,,
2009-04-14,13.7,,,,,1.666153846153846,8.22253000923361,,,,,,,
2009-04-15,13.7,,,,,1.6657142857142857,8.224699828473414,,,,,,,
2009-04-16,14.65,,,,,1.6652747252747253,8.79734723505345,,,,,,,
2009-04-17,14.95,,,,,1.6648351648351647,8.97986798679868,,,,,,,
2009-04-20,14.43,,,,,1.6635164835164835,8.674395560840269,,,,,,,
2009-04-21,14.89,,,,,1.6630769230769231,8.953283996299723,,,,,,,
2009-04-22,14.84,,,,,1.6626373626373625,8.925578321216127,,,,,,,
2009-04-23,14.52,,,,,1.662197802197802,8.735422451408171,,,,,,,
2009-04-24,14.45,,,,,1.6617582417582415,8.695609046422431,,,,,,,
2009-04-27,14.39,,,,,1.6604395604395603,8.666379880873595,,,,,,,
2009-04-28,14.58,2009-04-28,1.66,0.0,actual,1.66,8.783132530120483,,,,,,,
2009-04-29,13.97,,,,,1.66,8.41566265060241,,,,,,,
2009-04-30,14.5,,,,,1.66,8.734939759036145,,,,,,,
2009-05-01,14.43,,,,,1.66,8.69277108433735,,,,,,,
2009-05-04,14.19,,,,,1.66,8.548192771084338,,,,,,,
2009-05-05,14.06,,,,,1.66,8.46987951807229,,,,,,,
2009-05-06,14.0,,,,,1.66,8.433734939759036,,,,,,,
2009-05-07,13.74,,,,,1.66,8.27710843373494,,,,,,,
2009-05-08,13.57,,,,,1.66,8.174698795180724,,,,,,,
2009-05-11,13.27,,,,,1.66,7.993975903614458,,,,,,,
2009-05-12,13.52,,,,,1.66,8.144578313253012,,,,,,,
2009-05-13,13.01,,,,,1.66,7.837349397590362,,,,,,,
2009-05-14,13.09,,,,,1.66,7.885542168674699,,,,,,,
2009-05-15,13.2,,,,,1.66,7.951807228915663,,,,,,,
2009-05-18,13.39,,,,,1.66,8.066265060240964,,,,,,,
2009-05-19,13.34,,,,,1.66,8.036144578313253,,,,,,,
2009-05-20,13.29,,,,,1.66,8.006024096385541,,,,,,,
2009-05-21,13.05,,,,,1.66,7.861445783132531,,,,,,,
2009-05-22,13.06,,,,,1.66,7.867469879518073,,,,,,,
2009-05-26,13.41,,,,,1.66,8.078313253012048,,,,,,,
2009-05-27,13.52,,,,,1.66,8.144578313253012,,,,,,,
2009-05-28,13.66,,,,,1.66,8.228915662650603,,,,,,,
2009-05-29,13.77,,,,,1.66,8.295180722891567,,,,,,,
2009-06-01,14.13,,,,,1.66,8.512048192771084,,,,,,,
2009-06-02,14.46,,,,,1.66,8.710843373493978,,,,,,,
2009-06-03,14.2,,,,,1.66,8.55421686746988,,,,,,,
2009-06-04,14.34,,,,,1.66,8.63855421686747,,,,,,,
2009-06-05,14.52,,,,,1.66,8.74698795180723,,,,,,,
2009-06-08,14.69,,,,,1.66,8.849397590361447,,,,,,,
2009-06-09,14.39,,,,,1.66,8.668674698795181,,,,,,,
2009-06-10,14.25,,,,,1.66,8.584337349397591,,,,,,,
2009-06-11,14.38,,,,,1.66,8.66265060240964,,,,,,,
2009-06-12,14.34,,,,,1.66,8.63855421686747,,,,,,,
2009-06-15,14.11,,,,,1.66,8.5,,,,,,,
2009-06-16,13.78,,,,,1.66,8.301204819277109,,,,,,,
2009-06-17,13.76,,,,,1.66,8.289156626506024,,,,,,,
2009-06-18,13.79,,,,,1.66,8.30722891566265,,,,,,,
2009-06-19,13.52,,,,,1.66,8.144578313253012,,,,,,,
2009-06-22,13.23,,,,,1.66,7.96987951807229,,,,,,,
2009-06-23,12.92,,,,,1.66,7.783132530120482,,,,,,,
2009-06-24,13.09,,,,,1.66,7.885542168674699,,,,,,,
2009-06-25,13.32,,,,,1.66,8.024096385542169,,,,,,,
2009-06-26,13.53,,,,,1.66,8.150602409638553,,,,,,,
2009-06-29,13.45,,,,,1.66,8.102409638554217,,,,,,,
2009-06-30,13.24,,,,,1.66,7.975903614457832,,,,,,,
2009-07-01,13.91,,,,,1.66,8.379518072289157,,,,,,,
2009-07-02,13.96,,,,,1.66,8.409638554216869,,,,,,,
2009-07-06,14.15,,,,,1.66,8.524096385542169,,,,,,,
2009-07-07,13.88,,,,,1.66,8.361445783132531,,,,,,,
2009-07-08,13.84,,,,,1.66,8.337349397590362,,,,,,,
2009-07-09,13.69,,,,,1.66,8.24698795180723,,,,,,,
2009-07-10,13.55,,,,,1.66,8.16265060240964,,,,,,,
2009-07-13,14.02,,,,,1.66,8.44578313253012,,,,,,,
2009-07-14,13.92,,,,,1.66,8.3855421686747,,,,,,,
2009-07-15,13.68,,,,,1.66,8.240963855421686,,,,,,,
2009-07-16,13.83,,,,,1.66,8.331325301204819,,,,,,,
2009-07-17,13.74,,,,,1.66,8.27710843373494,,,,,,,
2009-07-20,13.8,,,,,1.66,8.313253012048193,,,,,,,
2009-07-21,13.8,,,,,1.66,8.313253012048193,,,,,,,
2009-07-22,13.92,,,,,1.66,8.3855421686747,,,,,,,
2009-07-23,14.01,,,,,1.66,8.43975903614458,,,,,,,
2009-07-24,14.04,,,,,1.66,8.457831325301205,,,,,,,
2009-07-27,14.34,,,,,1.66,8.63855421686747,,,,,,,
2009-07-28,14.4,2009-07-28,1.66,0.0,actual,1.66,8.674698795180724,,,,,,,
2009-07-29,16.31,,,,,1.6603296703296702,9.823350321000728,,,,,,,
2009-07-30,16.93,,,,,1.6606593406593406,10.19474589730016,,,,,,,
2009-07-31,16.68,,,,,1.6609890109890109,10.042209725438306,,,,,,,
2009-08-03,16.5,,,,,1.661978021978022,9.927929119280613,,,,,,,
2009-08-04,16.48,,,,,1.6623076923076925,9.913928736695974,,,,,,,
2009-08-05,15.83,,,,,1.6626373626373625,9.521017845340385,,,,,,,
2009-08-06,15.88,,,,,1.662967032967033,9.54919711887927,,,,,,,
2009-08-07,16.16,,,,,1.6632967032967032,9.715644820295983,,,,,,,
2009-08-10,16.17,,,,,1.664285714285714,9.715879828326184,,,,,,,
2009-08-11,15.74,,,,,1.6646153846153846,9.455637707948243,,,,,,,
2009-08-12,16.23,,,,,1.6649450549450548,9.748069434360769,,,,,,,
2009-08-13,16.22,,,,,1.6652747252747253,9.74013461792266,,,,,,,
2009-08-14,15.85,,,,,1.6656043956043955,9.516065184403246,,,,,,,
2009-08-17,15.62,,,,,1.6665934065934065,9.37241197415271,,,,,,,
2009-08-18,15.81,,,,,1.666923076923077,9.484540839870789,,,,,,,
2009-08-19,15.69,,,,,1.6672527472527472,9.410690746111255,,,,,,,
2009-08-20,15.58,,,,,1.6675824175824177,9.342866556836904,,,,,,,
2009-08-21,16.06,,,,,1.667912087912088,9.628804849123732,,,,,,,
2009-08-24,15.75,,,,,1.6689010989010988,9.437347731612563,,,,,,,
2009-08-25,15.85,,,,,1.6692307692307693,9.495391705069125,,,,,,,
2009-08-26,15.85,,,,,1.6695604395604395,9.493516751135392,,,,,,,
2009-08-27,15.69,,,,,1.66989010989011,9.39582784943406,,,,,,,
2009-08-28,15.52,,,,,1.6702197802197802,9.292190275676033,,,,,,,
2009-08-31,15.07,,,,,1.6712087912087912,9.01742503945292,,,,,,,
2009-09-01,14.88,,,,,1.6715384615384616,8.901978831109066,,,,,,,
2009-09-02,14.63,,,,,1.671868131868132,8.750690153805705,,,,,,,
2009-09-03,14.74,,,,,1.672197802197802,8.814746664914242,,,,,,,
2009-09-04,14.94,,,,,1.6725274725274726,8.932588699080156,,,,,,,
2009-09-08,14.88,,,,,1.673846153846154,8.88970588235294,,,,,,,
2009-09-09,15.3,,,,,1.6741758241758242,9.138825073843124,,,,,,,
2009-09-10,15.4,,,,,1.6745054945054945,9.196744979656124,,,,,,,
2009-09-11,15.04,,,,,1.674835164835165,8.979988189751328,,,,,,,
2009-09-14,14.85,,,,,1.675824175824176,8.861311475409835,,,,,,,
2009-09-15,14.69,,,,,1.676153846153846,8.764111977971547,,,,,,,
2009-09-16,14.74,,,,,1.6764835164835166,8.792212899842685,,,,,,,
2009-09-17,15.41,,,,,1.6768131868131868,9.190051772724294,,,,,,,
2009-09-18,15.26,,,,,1.6771428571428573,9.098807495741056,,,,,,,
2009-09-21,15.3,,,,,1.6781318681318682,9.11728112107917,,,,,,,
2009-09-22,15.73,,,,,1.6784615384615384,9.371677360219982,,,,,,,
2009-09-23,15.75,,,,,1.678791208791209,9.381750343653858,,,,,,,
2009-09-24,15.75,,,,,1.6791208791208792,9.37990837696335,,,,,,,
2009-09-25,15.9,,,,,1.6794505494505496,9.467382058496367,,,,,,,
2009-09-28,16.03,,,,,1.6804395604395606,9.53917080826576,,,,,,,
2009-09-29,16.0,,,,,1.6807692307692308,9.519450800915331,,,,,,,
2009-09-30,16.01,,,,,1.6810989010989013,9.523532487906916,,,,,,,
2009-10-01,15.75,,,,,1.6814285714285715,9.367034834324553,,,,,,,
2009-10-02,15.9,,,,,1.681758241758242,9.454391008886564,,,,,,,
2009-10-05,16.04,,,,,1.682747252747253,9.532031607131197,,,,,,,
2009-10-06,16.25,,,,,1.6830769230769231,9.654936014625228,,,,,,,
2009-10-07,16.09,,,,,1.6834065934065936,9.557999869443174,,,,,,,
2009-10-08,15.98,,,,,1.6837362637362638,9.490797546012269,,,,,,,
2009-10-09,16.13,,,,,1.684065934065934,9.578009787928222,,,,,,,
2009-10-12,16.09,,,,,1.6850549450549452,9.5486500586931,,,,,,,
2009-10-13,16.06,,,,,1.6853846153846157,9.528982199908716,,,,,,,
2009-10-14,16.23,,,,,1.685714285714286,9.627966101694916,,,,,,,
2009-10-15,16.24,,,,,1.6860439560439562,9.632014599491622,,,,,,,
2009-10-16,16.0,,,,,1.6863736263736264,9.48781441417959,,,,,,,
2009-10-19,16.02,,,,,1.6873626373626376,9.494106154347117,,,,,,,
2009-10-20,16.0,,,,,1.6876923076923078,9.480401093892434,,,,,,,
2009-10-21,15.92,,,,,1.688021978021978,9.431156825727491,,,,,,,
2009-10-22,16.19,,,,,1.6883516483516483,9.589234574329602,,,,,,,
2009-10-23,15.9,,,,,1.6886813186813188,9.415630897377495,,,,,,,
2009-10-26,16.4,,,,,1.68967032967033,9.706035379812691,,,,,,,
2009-10-27,16.15,2009-10-27,1.6900000000000002,0.0,actual,1.6900000000000002,9.556213017751478,,,,,,,
2009-10-28,16.62,,,,,1.6894505494505496,9.837517887342266,,,,,,,
2009-10-29,16.49,,,,,1.688901098901099,9.7637452013794,,,,,,,
2009-10-30,16.34,,,,,1.6883516483516483,9.67807862535798,,,,,,,
2009-11-02,15.98,,,,,1.6867032967032969,9.474102547397225,,,,,,,
2009-11-03,16.23,,,,,1.6861538461538463,9.625456204379562,,,,,,,
2009-11-04,15.94,,,,,1.6856043956043958,9.456548666797053,,,,,,,
2009-11-05,16.52,,,,,1.6850549450549452,9.803834615886265,,,,,,,
2009-11-06,16.61,,,,,1.6845054945054947,9.860460564942263,,,,,,,
2009-11-09,17.05,,,,,1.682857142857143,10.13157894736842,,,,,,,
2009-11-10,16.96,,,,,1.6823076923076925,10.081390032007317,,,,,,,
2009-11-11,16.99,,,,,1.681758241758242,10.102522216414007,,,,,,,
2009-11-12,16.85,,,,,1.6812087912087914,10.022550493496306,,,,,,,
2009-11-13,16.99,,,,,1.6806593406593409,10.109127762521249,,,,,,,
2009-11-16,17.41,,,,,1.6790109890109892,10.369199554944696,,,,,,,
2009-11-17,17.3,,,,,1.678461538461539,10.3070577451879,,,,,,,
2009-11-18,17.3,,,,,1.677912087912088,10.31043290326806,,,,,,,
2009-11-19,16.83,,,,,1.6773626373626374,10.033608490566037,,,,,,,
2009-11-20,16.83,,,,,1.6768131868131868,10.036896257946127,,,,,,,
2009-11-23,17.35,,,,,1.6751648351648352,10.357189713985832,,,,,,,
2009-11-24,16.98,,,,,1.6746153846153846,10.139641708773542,,,,,,,
2009-11-25,16.82,,,,,1.674065934065934,10.047393987134042,,,,,,,
2009-11-27,16.35,,,,,1.672967032967033,9.77305570152391,,,,,,,
2009-11-30,19.36,,,,,1.671318681318681,11.583667565257414,,,,,,,
2009-12-01,18.85,,,,,1.6707692307692308,11.282228360957644,,,,,,,
2009-12-02,18.54,,,,,1.6702197802197802,11.10033554839134,,,,,,,
2009-12-03,18.27,,,,,1.6696703296703297,10.942279847308148,,,,,,,
2009-12-04,18.62,,,,,1.6691208791208791,11.155573112120614,,,,,,,
2009-12-07,18.39,,,,,1.6674725274725275,11.02866745749308,,,,,,,
2009-12-08,18.22,,,,,1.666923076923077,10.930318412551914,,,,,,,
2009-12-09,18.19,,,,,1.6663736263736264,10.915919282511211,,,,,,,
2009-12-10,18.08,,,,,1.665824175824176,10.853486377729398,,,,,,,
2009-12-11,18.21,,,,,1.6652747252747253,10.935132638247328,,,,,,,
2009-12-14,18.47,,,,,1.6636263736263737,11.102252460532398,,,,,,,
2009-12-15,18.17,,,,,1.6630769230769231,10.925531914893618,,,,,,,
2009-12-16,18.67,,,,,1.6625274725274726,11.22988961596933,,,,,,,
2009-12-17,18.78,,,,,1.661978021978022,11.299788415763024,,,,,,,
2009-12-18,18.95,,,,,1.6614285714285717,11.405846947549438,,,,,,,
2009-12-21,19.16,,,,,1.6597802197802198,11.543697033898304,,,,,,,
2009-12-22,18.88,,,,,1.6592307692307693,11.378766805748723,,,,,,,
2009-12-23,19.16,,,,,1.6586813186813187,11.551344905260368,,,,,,,
2009-12-24,19.25,,,,,1.6581318681318682,11.609450593147326,,,,,,,
2009-12-28,19.43,,,,,1.655934065934066,11.733558962107638,,,,,,,
2009-12-29,19.19,,,,,1.6553846153846157,11.592472118959106,,,,,,,
2009-12-30,19.34,,,,,1.654835164835165,11.686964605883524,,,,,,,
2009-12-31,19.09,,,,,1.6542857142857144,11.539723661485318,,,,,,,
2010-01-04,19.7,,,,,1.6520879120879122,11.92430490887322,,,,,,,
2010-01-05,19.08,,,,,1.6515384615384614,11.552864462040056,,,,,,,
2010-01-06,18.69,,,,,1.6509890109890109,11.320487220447284,,,,,,,
2010-01-07,18.6,,,,,1.6504395604395603,11.269725014981026,,,,,,,
2010-01-08,18.47,,,,,1.6498901098901098,11.194684960703343,,,,,,,
2010-01-11,18.47,,,,,1.648241758241758,11.205880392026137,,,,,,,
2010-01-12,18.42,,,,,1.6476923076923076,11.179271708683476,,,,,,,
2010-01-13,18.66,,,,,1.647142857142857,11.32870771899393,,,,,,,
2010-01-14,18.5,,,,,1.6465934065934065,11.235317672183664,,,,,,,
2010-01-15,18.48,,,,,1.646043956043956,11.226917684758662,,,,,,,
2010-01-19,18.77,,,,,1.6438461538461535,11.418343472157233,,,,,,,
2010-01-20,18.45,,,,,1.6432967032967032,11.227430787749098,,,,,,,
2010-01-21,18.04,,,,,1.6427472527472526,10.981604120676968,,,,,,,
2010-01-22,17.78,,,,,1.642197802197802,10.826953961456104,,,,,,,
2010-01-25,17.75,,,,,1.6405494505494504,10.819545850358365,,,,,,,
2010-01-26,17.75,2010-01-26,1.64,0.0,actual,1.64,10.823170731707318,,,,,,,
2010-01-27,18.82,,,,,1.6374725274725277,11.493322595798938,,,,,,,
2010-01-28,19.57,,,,,1.6349450549450548,11.969821212528569,,,,,,,
2010-01-29,19.41,,,,,1.6324175824175824,11.890339952877818,,,,,,,
2010-02-01,19.48,,,,,1.6248351648351649,11.9889084268903,,,,,,,
2010-02-02,19.78,,,,,1.6223076923076922,12.192508297771456,,,,,,,
2010-02-03,20.51,,,,,1.6197802197802196,12.662211668928087,,,,,,,
2010-02-04,20.44,,,,,1.6172527472527471,12.638717129849836,,,,,,,
2010-02-05,20.35,,,,,1.6147252747252747,12.602763032530286,,,,,,,
2010-02-08,20.08,,,,,1.607142857142857,12.494222222222222,,,,,,,
2010-02-09,20.17,,,,,1.6046153846153846,12.569990412272292,,,,,,,
2010-02-10,19.81,,,,,1.602087912087912,12.36511420536388,,,,,,,
2010-02-11,20.08,,,,,1.5995604395604397,12.553448749656496,,,,,,,
2010-02-12,20.1,,,,,1.597032967032967,12.585839124750567,,,,,,,
2010-02-16,20.31,,,,,1.5869230769230769,12.798351914687348,,,,,,,
2010-02-17,20.45,,,,,1.5843956043956042,12.907129976418366,,,,,,,
2010-02-18,20.9,,,,,1.5818681318681318,13.212226467523443,,,,,,,
2010-02-19,21.11,,,,,1.5793406593406591,13.366337322571669,,,,,,,
2010-02-22,20.98,,,,,1.5717582417582416,13.348108788366078,,,,,,,
2010-02-23,20.82,,,,,1.5692307692307692,13.26764705882353,,,,,,,
2010-02-24,19.56,,,,,1.5667032967032966,12.484814477098968,,,,,,,
2010-02-25,19.94,,,,,1.564175824175824,12.747927497541102,,,,,,,
2010-02-26,20.15,,,,,1.5616483516483517,12.903032861867564,,,,,,,
2010-03-01,20.48,,,,,1.554065934065934,13.178334040446895,,,,,,,
2010-03-02,20.48,,,,,1.5515384615384615,13.19980168567179,,,,,,,
2010-03-03,20.38,,,,,1.5490109890109889,13.15678206583428,,,,,,,
2010-03-04,20.4,,,,,1.5464835164835165,13.191217224472393,,,,,,,
2010-03-05,20.7,,,,,1.5439560439560438,13.40711743772242,,,,,,,
2010-03-08,20.72,,,,,1.5363736263736265,13.486302839567983,,,,,,,
2010-03-09,20.96,,,,,1.5338461538461536,13.664994984954866,,,,,,,
2010-03-10,21.02,,,,,1.5313186813186812,13.726731252242557,,,,,,,
2010-03-11,20.99,,,,,1.5287912087912088,13.729801610120758,,,,,,,
2010-03-12,21.44,,,,,1.526263736263736,14.047375620995036,,,,,,,
2010-03-15,21.67,,,,,1.5186813186813186,14.26895803183792,,,,,,,
2010-03-16,21.79,,,,,1.516153846153846,14.371892440385592,,,,,,,
2010-03-17,21.93,,,,,1.5136263736263735,14.48838391171773,,,,,,,
2010-03-18,22.09,,,,,1.511098901098901,14.618500472692896,,,,,,,
2010-03-19,21.98,,,,,1.5085714285714285,14.57007575757576,,,,,,,
2010-03-22,21.79,,,,,1.500989010989011,14.51709495570686,,,,,,,
2010-03-23,21.77,,,,,1.4984615384615383,14.528234086242302,,,,,,,
2010-03-24,21.39,,,,,1.495934065934066,14.298758539631232,,,,,,,
2010-03-25,21.27,,,,,1.4934065934065934,14.24260485651214,,,,,,,
2010-03-26,21.25,,,,,1.4908791208791208,14.253335298887006,,,,,,,
2010-03-29,21.25,,,,,1.4832967032967033,14.326196473551638,,,,,,,
2010-03-30,21.41,,,,,1.4807692307692306,14.4587012987013,,,,,,,
2010-03-31,21.0,,,,,1.4782417582417582,14.206066012488847,,,,,,,
2010-04-01,21.0,,,,,1.4757142857142855,14.230396902226529,,,,,,,
2010-04-05,21.2,,,,,1.4656043956043956,14.465022118917297,,,,,,,
2010-04-06,21.18,,,,,1.463076923076923,14.47634069400631,,,,,,,
2010-04-07,20.92,,,,,1.4605494505494503,14.323376721089463,,,,,,,
2010-04-08,20.9,,,,,1.458021978021978,14.334488996080797,,,,,,,
2010-04-09,21.01,,,,,1.4554945054945054,14.43495658739147,,,,,,,
2010-04-12,21.18,,,,,1.447912087912088,14.627959927140257,,,,,,,
2010-04-13,21.28,,,,,1.4453846153846153,14.722724853645555,,,,,,,
2010-04-14,21.59,,,,,1.4428571428571428,14.963366336633664,,,,,,,
2010-04-15,21.95,,,,,1.4403296703296702,15.239566643778137,,,,,,,
2010-04-16,21.95,,,,,1.4378021978021978,15.266355854478752,,,,,,,
2010-04-19,22.05,,,,,1.43021978021978,15.4172109104879,,,,,,,
2010-04-20,22.09,,,,,1.4276923076923076,15.47252155172414,,,,,,,
2010-04-21,22.24,,,,,1.4251648351648352,15.60521242963991,,,,,,,
2010-04-22,22.65,,,,,1.4226373626373623,15.921133940985635,,,,,,,
2010-04-23,22.79,,,,,1.42010989010989,16.048053857463437,,,,,,,
2010-04-26,22.71,,,,,1.4125274725274723,16.077563404387742,,,,,,,
2010-04-27,22.54,2010-04-27,1.41,0.0,actual,1.41,15.98581560283688,,,,,,,
2010-04-28,23.05,,,,,1.4102197802197802,16.34496999922076,,,,,,,
2010-04-29,23.665,,,,,1.4104395604395603,16.77845734320218,,,,,,,
2010-04-30,22.72,,,,,1.4106593406593406,16.10594375632936,,,,,,,
2010-05-03,22.89,,,,,1.411318681318681,16.21887409483766,,,,,,,
2010-05-04,22.79,,,,,1.4115384615384614,16.145504087193462,,,,,,,
2010-05-05,22.48,,,,,1.4117582417582415,15.92340624270258,,,,,,,
2010-05-06,21.86,,,,,1.411978021978022,15.481827379562612,,,,,,,
2010-05-07,21.34,,,,,1.412197802197802,15.111197572173372,,,,,,,
2010-05-10,21.81,,,,,1.4128571428571428,15.43680485338726,,,,,,,
2010-05-11,21.85,,,,,1.4130769230769231,15.462710941752858,,,,,,,
2010-05-12,22.46,,,,,1.4132967032967032,15.891921312495144,,,,,,,
2010-05-13,22.25,,,,,1.4135164835164835,15.74088470807743,,,,,,,
2010-05-14,22.39,,,,,1.4137362637362636,15.837465993004278,,,,,,,
2010-05-17,22.29,,,,,1.4143956043956043,15.7593815554347,,,,,,,
2010-05-18,21.99,,,,,1.4146153846153846,15.544861337683525,,,,,,,
2010-05-19,21.7,,,,,1.414835164835165,15.337475728155338,,,,,,,
2010-05-20,20.84,,,,,1.415054945054945,14.72734332530869,,,,,,,
2010-05-21,20.38,,,,,1.4152747252747253,14.40003105831198,,,,,,,
2010-05-24,20.43,,,,,1.415934065934066,14.428637951105935,,,,,,,
2010-05-25,20.1,,,,,1.416153846153846,14.1933731667572,,,,,,,
2010-05-26,20.05,,,,,1.4163736263736264,14.155869345953914,,,,,,,
2010-05-27,20.76,,,,,1.4165934065934065,14.65487549453107,,,,,,,
2010-05-28,20.52,,,,,1.4168131868131868,14.483207942294268,,,,,,,
2010-06-01,20.21,,,,,1.4176923076923078,14.255561584373304,,,,,,,
2010-06-02,20.49,,,,,1.417912087912088,14.450825389444317,,,,,,,
2010-06-03,20.45,,,,,1.4181318681318682,14.420379697791551,,,,,,,
2010-06-04,19.59,,,,,1.4183516483516485,13.811807546292709,,,,,,,
2010-06-07,19.09,,,,,1.419010989010989,13.453031828389994,,,,,,,
2010-06-08,18.8,,,,,1.4192307692307693,13.24661246612466,,,,,,,
2010-06-09,18.87,,,,,1.4194505494505494,13.29387628706356,,,,,,,
2010-06-10,19.15,,,,,1.4196703296703297,13.489047139871506,,,,,,,
2010-06-11,19.56,,,,,1.41989010989011,13.775713954028324,,,,,,,
2010-06-14,19.49,,,,,1.4205494505494507,13.720043320182562,,,,,,,
2010-06-15,19.93,,,,,1.4207692307692308,14.027612344342176,,,,,,,
2010-06-16,19.85,,,,,1.420989010989011,13.969143917717114,,,,,,,
2010-06-17,20.11,,,,,1.4212087912087912,14.14992654449857,,,,,,,
2010-06-18,20.19,,,,,1.4214285714285717,14.204020100502513,,,,,,,
2010-06-21,19.7,,,,,1.4220879120879122,13.852870720964376,,,,,,,
2010-06-22,19.55,,,,,1.4223076923076925,13.745267712276904,,,,,,,
2010-06-23,19.21,,,,,1.4225274725274726,13.504132869833914,,,,,,,
2010-06-24,18.76,,,,,1.4227472527472529,13.185757318297677,,,,,,,
2010-06-25,19.46,,,,,1.422967032967033,13.675650629392232,,,,,,,
2010-06-28,19.52,,,,,1.4236263736263737,13.711462755692782,,,,,,,
2010-06-29,18.85,,,,,1.423846153846154,13.23878984332793,,,,,,,
2010-06-30,18.33,,,,,1.424065934065934,12.871595030480746,,,,,,,
2010-07-01,18.17,,,,,1.4242857142857144,12.75727181544634,,,,,,,
2010-07-02,17.98,,,,,1.424505494505495,12.621923937360176,,,,,,,
2010-07-06,17.65,,,,,1.4253846153846157,12.38262277388019,,,,,,,
2010-07-07,18.19,,,,,1.4256043956043958,12.759500501040622,,,,,,,
2010-07-08,18.56,,,,,1.425824175824176,13.017032755298647,,,,,,,
2010-07-09,18.67,,,,,1.4260439560439562,13.0921630577175,,,,,,,
2010-07-12,18.46,,,,,1.4267032967032969,12.938920126319031,,,,,,,
2010-07-13,19.25,,,,,1.426923076923077,13.49056603773585,,,,,,,
2010-07-14,19.46,,,,,1.4271428571428573,13.635635635635635,,,,,,,
2010-07-15,18.95,,,,,1.4273626373626376,13.276233736238352,,,,,,,
2010-07-16,18.03,,,,,1.4275824175824177,12.629743668693711,,,,,,,
2010-07-19,18.36,,,,,1.4282417582417584,12.854966530737862,,,,,,,
2010-07-20,18.52,,,,,1.428461538461539,12.964997307485186,,,,,,,
2010-07-21,18.22,,,,,1.4286813186813188,12.753018998538572,,,,,,,
2010-07-22,19.05,,,,,1.428901098901099,13.331923402291778,,,,,,,
2010-07-23,19.32,,,,,1.4291208791208794,13.518800461361012,,,,,,,
2010-07-26,19.56,,,,,1.42978021978022,13.680424256398428,,,,,,,
2010-07-27,19.26,2010-07-27,1.4300000000000002,0.0,actual,1.4300000000000002,13.468531468531468,,,,,,,
2010-07-28,19.54,,,,,1.4304395604395606,13.660136744257509,,,,,,,
2010-07-29,19.61,,,,,1.430879120879121,13.704861377774364,,,,,,,
2010-07-30,18.86,,,,,1.4313186813186816,13.17666026871401,,,,,,,
2010-08-02,19.02,,,,,1.4326373626373627,13.276213852880264,,,,,,,
2010-08-03,18.92,,,,,1.4330769230769231,13.202361782071929,,,,,,,
2010-08-04,19.43,,,,,1.4335164835164838,13.554082023763891,,,,,,,
2010-08-05,19.2,,,,,1.433956043956044,13.3895317648862,,,,,,,
2010-08-06,19.04,,,,,1.4343956043956043,13.273883398452464,,,,,,,
2010-08-09,19.33,,,,,1.435714285714286,13.463681592039798,,,,,,,
2010-08-10,19.15,,,,,1.4361538461538463,13.334226031065878,,,,,,,
2010-08-11,18.22,,,,,1.4365934065934067,12.682781304979729,,,,,,,
2010-08-12,18.1,,,,,1.4370329670329671,12.59539649766766,,,,,,,
2010-08-13,17.79,,,,,1.4374725274725275,12.375888693524958,,,,,,,
2010-08-16,17.86,,,,,1.438791208791209,12.41319789200336,,,,,,,
2010-08-17,18.01,,,,,1.439230769230769,12.513629075360772,,,,,,,
2010-08-18,18.01,,,,,1.4396703296703297,12.509808411571637,,,,,,,
2010-08-19,17.89,,,,,1.4401098901098903,12.422663105684853,,,,,,,
2010-08-20,17.71,,,,,1.4405494505494507,12.293920207491036,,,,,,,
2010-08-23,17.53,,,,,1.441868131868132,12.157838579376572,,,,,,,
2010-08-24,17.54,,,,,1.4423076923076923,12.161066666666668,,,,,,,
2010-08-25,17.61,,,,,1.442747252747253,12.205880112727549,,,,,,,
2010-08-26,17.5,,,,,1.4431868131868133,12.125942282799056,,,,,,,
2010-08-27,17.74,,,,,1.4436263736263737,12.28849813503844,,,,,,,
2010-08-30,18.28,,,,,1.444945054945055,12.65100007605141,,,,,,,
2010-08-31,18.29,,,,,1.4453846153846155,12.654071314529004,,,,,,,
2010-09-01,18.82,,,,,1.445824175824176,13.016797142205668,,,,,,,
2010-09-02,19.04,,,,,1.4462637362637365,13.164957070131448,,,,,,,
2010-09-03,19.59,,,,,1.446703296703297,13.541131788834027,,,,,,,
2010-09-07,19.64,,,,,1.4484615384615385,13.559214020180564,,,,,,,
2010-09-08,19.67,,,,,1.448901098901099,13.575805839969664,,,,,,,
2010-09-09,19.64,,,,,1.4493406593406597,13.550989460914396,,,,,,,
2010-09-10,19.65,,,,,1.44978021978022,13.55377851891154,,,,,,,
2010-09-13,20.31,,,,,1.4510989010989013,13.996289284361982,,,,,,,
2010-09-14,20.33,,,,,1.4515384615384617,14.005829358770534,,,,,,,
2010-09-15,20.36,,,,,1.451978021978022,14.022250813592672,,,,,,,
2010-09-16,20.37,,,,,1.4524175824175825,14.024892184308088,,,,,,,
2010-09-17,20.6,,,,,1.4528571428571428,14.178957718780728,,,,,,,
2010-09-20,20.91,,,,,1.4541758241758242,14.379279075039673,,,,,,,
2010-09-21,20.93,,,,,1.4546153846153846,14.388683236382866,,,,,,,
2010-09-22,21.01,,,,,1.455054945054945,14.439317272109358,,,,,,,
2010-09-23,20.97,,,,,1.4554945054945054,14.407474518686296,,,,,,,
2010-09-24,20.65,,,,,1.455934065934066,14.183334591289906,,,,,,,
2010-09-27,18.37,,,,,1.4572527472527472,12.605912072996004,,,,,,,
2010-09-28,18.54,,,,,1.4576923076923076,12.718733509234829,,,,,,,
2010-09-29,18.22,,,,,1.4581318681318682,12.495440500414498,,,,,,,
2010-09-30,18.23,,,,,1.4585714285714286,12.49853085210578,,,,,,,
2010-10-01,18.32,,,,,1.459010989010989,12.55645100549823,,,,,,,
2010-10-04,18.02,,,,,1.4603296703296704,12.339679434118445,,,,,,,
2010-10-05,18.3,,,,,1.4607692307692308,12.527646129541864,,,,,,,
2010-10-06,18.32,,,,,1.4612087912087912,12.537564864255096,,,,,,,
2010-10-07,18.32,,,,,1.4616483516483516,12.533794451544995,,,,,,,
2010-10-08,18.64,,,,,1.462087912087912,12.748891394212704,,,,,,,
2010-10-11,18.78,,,,,1.4634065934065934,12.833070511376436,,,,,,,
2010-10-12,18.73,,,,,1.4638461538461538,12.795060430898582,,,,,,,
2010-10-13,19.21,,,,,1.4642857142857142,13.119024390243904,,,,,,,
2010-10-14,19.19,,,,,1.4647252747252748,13.101432965713856,,,,,,,
2010-10-15,19.14,,,,,1.4651648351648352,13.06337658441461,,,,,,,
2010-10-18,19.32,,,,,1.4664835164835164,13.174372424128888,,,,,,,
2010-10-19,18.92,,,,,1.466923076923077,12.897745149449396,,,,,,,
2010-10-20,19.32,,,,,1.4673626373626374,13.16647944282184,,,,,,,
2010-10-21,19.0,,,,,1.4678021978021978,12.94452347083926,,,,,,,
2010-10-22,18.91,,,,,1.4682417582417582,12.879350348027844,,,,,,,
2010-10-25,18.91,,,,,1.4695604395604396,12.867793314888209,,,,,,,
2010-10-26,18.17,2010-10-26,1.47,0.0,actual,1.47,12.360544217687076,,,,,,,
2010-10-27,19.77,,,,,1.4726666666666666,13.424626527840651,,,,,,,
2010-10-28,19.46,,,,,1.4753333333333334,13.190239493899684,,,,,,,
2010-10-29,19.45,,,,,1.478,13.159675236806494,,,,,,,
2010-11-01,19.07,,,,,1.486,12.833109017496636,,,,,,,
2010-11-02,19.69,,,,,1.4886666666666666,13.226600985221676,,,,,,,
2010-11-03,19.9,,,,,1.4913333333333334,13.343763969602144,,,,,,,
2010-11-04,20.1,,,,,1.494,13.453815261044175,,,,,,,
2010-11-05,20.2,,,,,1.4966666666666666,13.496659242761693,,,,,,,
2010-11-08,20.17,,,,,1.5046666666666666,13.40496233938857,,,,,,,
2010-11-09,20.0,,,,,1.5073333333333334,13.26846528084918,,,,,,,
2010-11-10,20.15,,,,,1.51,13.344370860927151,,,,,,,
2010-11-11,20.06,,,,,1.5126666666666666,13.261348611723228,,,,,,,
2010-11-12,19.63,,,,,1.5153333333333334,12.954245490541132,,,,,,,
2010-11-15,19.6,,,,,1.5233333333333332,12.866520787746172,,,,,,,
2010-11-16,19.01,,,,,1.526,12.457404980340762,,,,,,,
2010-11-17,18.88,,,,,1.5286666666666666,12.350632359354558,,,,,,,
2010-11-18,19.18,,,,,1.5313333333333332,12.525032651284285,,,,,,,
2010-11-19,19.23,,,,,1.534,12.535853976531945,,,,,,,
2010-11-22,19.1,,,,,1.542,12.38651102464332,,,,,,,
2010-11-23,19.06,,,,,1.5446666666666666,12.339231765213638,,,,,,,
2010-11-24,19.23,,,,,1.5473333333333332,12.427832830676431,,,,,,,
2010-11-26,19.1,,,,,1.5526666666666666,12.301416917131816,,,,,,,
2010-11-29,19.12,,,,,1.5606666666666666,12.251174711661683,,,,,,,
2010-11-30,18.82,,,,,1.5633333333333332,12.038379530916846,,,,,,,
2010-12-01,19.16,,,,,1.566,12.234993614303958,,,,,,,
2010-12-02,19.02,,,,,1.5686666666666669,12.12494687632809,,,,,,,
2010-12-03,18.76,,,,,1.5713333333333332,11.938905388205349,,,,,,,
2010-12-06,18.63,,,,,1.5793333333333333,11.79611650485437,,,,,,,
2010-12-07,19.19,,,,,1.582,12.130214917825535,,,,,,,
2010-12-08,19.29,,,,,1.584666666666667,12.172907025662598,,,,,,,
2010-12-09,19.11,,,,,1.5873333333333333,12.039059218815623,,,,,,,
2010-12-10,19.5,,,,,1.59,12.264150943396226,,,,,,,
2010-12-13,19.22,,,,,1.598,12.027534418022526,,,,,,,
2010-12-14,19.19,,,,,1.600666666666667,11.988754685547688,,,,,,,
2010-12-15,18.95,,,,,1.6033333333333333,11.81912681912682,,,,,,,
2010-12-16,18.98,,,,,1.606,11.818181818181818,,,,,,,
2010-12-17,18.96,,,,,1.6086666666666667,11.786158309158724,,,,,,,
2010-12-20,18.83,,,,,1.6166666666666667,11.64742268041237,,,,,,,
2010-12-21,19.07,,,,,1.6193333333333333,11.77645121449156,,,,,,,
2010-12-22,18.99,,,,,1.622,11.707768187422932,,,,,,,
2010-12-23,18.95,,,,,1.6246666666666667,11.663931062782108,,,,,,,
2010-12-27,19.08,,,,,1.6353333333333333,11.66734610680799,,,,,,,
2010-12-28,19.12,,,,,1.638,11.672771672771674,,,,,,,
2010-12-29,19.06,,,,,1.6406666666666667,11.617228768793172,,,,,,,
2010-12-30,19.25,,,,,1.643333333333333,11.71399594320487,,,,,,,
2010-12-31,18.94,,,,,1.646,11.506682867557718,,,,,,,
2011-01-03,19.22,,,,,1.654,11.620314389359129,,,,,,,
2011-01-04,19.0,,,,,1.6566666666666667,11.46881287726358,,,,,,,
2011-01-05,19.15,,,,,1.659333333333333,11.540779429489756,,,,,,,
2011-01-06,19.14,,,,,1.662,11.51624548736462,,,,,,,
2011-01-07,19.15,,,,,1.6646666666666667,11.503804565478571,,,,,,,
2011-01-10,19.23,,,,,1.6726666666666667,11.49661219609406,,,,,,,
2011-01-11,19.37,,,,,1.6753333333333331,11.561878233187429,,,,,,,
2011-01-12,19.65,,,,,1.678,11.7103694874851,,,,,,,
2011-01-13,19.3,,,,,1.6806666666666668,11.483538278460928,,,,,,,
2011-01-14,19.45,,,,,1.6833333333333331,11.554455445544557,,,,,,,
2011-01-18,19.07,,,,,1.694,11.257378984651712,,,,,,,
2011-01-19,18.55,,,,,1.6966666666666668,10.93320235756385,,,,,,,
2011-01-20,18.57,,,,,1.6993333333333334,10.92781482934484,,,,,,,
2011-01-21,18.49,,,,,1.702,10.863689776733256,,,,,,,
2011-01-24,18.51,,,,,1.71,10.824561403508772,,,,,,,
2011-01-25,18.76,,,,,1.7126666666666668,10.953678474114442,,,,,,,
2011-01-26,19.5,,,,,1.7153333333333334,11.36805285658764,,,,,,,
2011-01-27,19.54,,,,,1.718,11.373690337601865,,,,,,,
2011-01-28,19.26,,,,,1.7206666666666668,11.193335916311508,,,,,,,
2011-01-31,19.45,,,,,1.7286666666666668,11.251446201311222,,,,,,,
2011-02-01,19.87,,,,,1.7313333333333334,11.476703889102811,,,,,,,
2011-02-02,19.86,,,,,1.734,11.453287197231834,,,,,,,
2011-02-03,20.03,,,,,1.7366666666666668,11.53358925143954,,,,,,,
2011-02-04,20.17,,,,,1.7393333333333334,11.596397087006515,,,,,,,
2011-02-07,20.56,,,,,1.7473333333333334,11.76650133536818,,,,,,,
2011-02-08,20.75,2011-02-08,1.75,0.0,actual,1.75,11.857142857142858,,,,,,,
2011-02-09,20.26,,,,,1.7542857142857142,11.548859934853422,,,,,,,
2011-02-10,20.09,,,,,1.758571428571429,11.424045491470348,,,,,,,
2011-02-11,20.17,,,,,1.762857142857143,11.441653160453807,,,,,,,
2011-02-14,20.13,,,,,1.7757142857142858,11.336283185840706,,,,,,,
2011-02-15,20.0,,,,,1.78,11.235955056179774,,,,,,,
2011-02-16,19.76,,,,,1.7842857142857145,11.074459567654124,,,,,,,
2011-02-17,19.84,,,,,1.7885714285714285,11.0926517571885,,,,,,,
2011-02-18,19.79,,,,,1.792857142857143,11.03824701195219,,,,,,,
2011-02-22,19.5075,,,,,1.81,10.777624309392266,,,,,,,
2011-02-23,18.95,,,,,1.8142857142857145,10.444881889763778,,,,,,,
2011-02-24,19.3,,,,,1.8185714285714285,10.612725844461902,,,,,,,
2011-02-25,19.81,,,,,1.8228571428571427,10.86755485893417,,,,,,,
2011-02-28,19.55,,,,,1.8357142857142856,10.649805447470818,,,,,,,
2011-03-01,19.23,,,,,1.84,10.451086956521738,,,,,,,
2011-03-02,19.44,,,,,1.8442857142857143,10.540666150271107,,,,,,,
2011-03-03,19.71,,,,,1.8485714285714283,10.662287480680064,,,,,,,
2011-03-04,19.79,,,,,1.8528571428571428,10.680801850424055,,,,,,,
2011-03-07,19.8,,,,,1.8657142857142857,10.612557427258809,,,,,,,
2011-03-08,20.29,,,,,1.87,10.850267379679144,,,,,,,
2011-03-09,20.23,,,,,1.8742857142857143,10.79344512195122,,,,,,,
2011-03-10,19.81,,,,,1.8785714285714288,10.545247148288972,,,,,,,
2011-03-11,19.65,,,,,1.8828571428571428,10.436267071320184,,,,,,,
2011-03-14,19.7,,,,,1.8957142857142857,10.391861341371516,,,,,,,
2011-03-15,19.19,,,,,1.9,10.1,,,,,,,
2011-03-16,19.01,,,,,1.9042857142857144,9.982745686421604,,,,,,,
2011-03-17,19.03,,,,,1.9085714285714288,9.970808383233532,,,,,,,
2011-03-18,19.47,,,,,1.9128571428571428,10.17849141150112,,,,,,,
2011-03-21,19.48,,,,,1.9257142857142853,10.11572700296736,,,,,,,
2011-03-22,19.42,,,,,1.93,10.06217616580311,,,,,,,
2011-03-23,19.17,,,,,1.9342857142857144,9.910635155096012,,,,,,,
2011-03-24,19.3,,,,,1.9385714285714288,9.955784819454678,,,,,,,
2011-03-25,19.23,,,,,1.9428571428571428,9.89779411764706,,,,,,,
2011-03-28,19.29,,,,,1.9557142857142853,9.863403944485029,,,,,,,
2011-03-29,19.38,,,,,1.96,9.887755102040815,,,,,,,
2011-03-30,19.8,,,,,1.9642857142857144,10.08,,,,,,,
2011-03-31,19.94,,,,,1.9685714285714284,10.129172714078376,,,,,,,
2011-04-01,20.11,,,,,1.9728571428571429,10.193338160753076,,,,,,,
2011-04-04,20.22,,,,,1.985714285714285,10.182733812949644,,,,,,,
2011-04-05,20.01,,,,,1.99,10.055276381909549,,,,,,,
2011-04-06,20.37,,,,,1.9942857142857144,10.214183381088825,,,,,,,
2011-04-07,20.55,,,,,1.9985714285714284,10.282344531808436,,,,,,,
2011-04-08,20.5,,,,,2.0028571428571427,10.23537803138374,,,,,,,
2011-04-11,20.51,,,,,2.0157142857142856,10.17505315379164,,,,,,,
2011-04-12,20.13,,,,,2.02,9.965346534653465,,,,,,,
2011-04-13,20.1,,,,,2.024285714285714,9.929428369795344,,,,,,,
2011-04-14,20.37,,,,,2.0285714285714285,10.041549295774647,,,,,,,
2011-04-15,20.32,,,,,2.032857142857143,9.995783555867884,,,,,,,
2011-04-18,20.11,,,,,2.0457142857142854,9.830307262569834,,,,,,,
2011-04-19,20.14,,,,,2.05,9.82439024390244,,,,,,,
2011-04-20,20.59,,,,,2.0542857142857143,10.022948539638389,,,,,,,
2011-04-21,20.46,,,,,2.0585714285714287,9.938931297709924,,,,,,,
2011-04-25,20.475,,,,,2.0757142857142856,9.864074328974535,,,,,,,
2011-04-26,20.61,,,,,2.08,9.908653846153843,,,,,,,
2011-04-27,20.86,,,,,2.084285714285714,10.008224811514737,,,,,,,
2011-04-28,20.93,,,,,2.0885714285714285,10.021203830369355,,,,,,,
2011-04-29,21.23,,,,,2.0928571428571425,10.144027303754267,,,,,,,
2011-05-02,21.34,,,,,2.105714285714285,10.13432835820896,,,,,,,
2011-05-03,21.0,2011-05-03,2.11,0.0,actual,2.11,9.95260663507109,,,,,,,
2011-05-04,20.46,,,,,2.1107692307692307,9.693148688046648,,,,,,,
2011-05-05,19.67,,,,,2.1115384615384616,9.315482695810566,,,,,,,
2011-05-06,19.14,,,,,2.112307692307692,9.061179898033505,,,,,,,
2011-05-09,19.22,,,,,2.114615384615385,9.089123317570024,,,,,,,
2011-05-10,19.68,,,,,2.1153846153846154,9.303272727272727,,,,,,,
2011-05-11,19.34,,,,,2.1161538461538463,9.13922210105416,,,,,,,
2011-05-12,19.69,,,,,2.1169230769230767,9.30123546511628,,,,,,,
2011-05-13,19.58,,,,,2.1176923076923075,9.245913548855794,,,,,,,
2011-05-16,19.21,,,,,2.12,9.06132075471698,,,,,,,
2011-05-17,19.02,,,,,2.1207692307692305,8.968443960826987,,,,,,,
2011-05-18,19.35,,,,,2.1215384615384614,9.120739666424948,,,,,,,
2011-05-19,19.305,,,,,2.122307692307692,9.096230518303736,,,,,,,
2011-05-20,19.18,,,,,2.123076923076923,9.034057971014493,,,,,,,
2011-05-23,18.64,,,,,2.125384615384615,8.770177343467246,,,,,,,
2011-05-24,18.63,,,,,2.126153846153846,8.762301013024603,,,,,,,
2011-05-25,18.76,,,,,2.126923076923077,8.820253164556963,,,,,,,
2011-05-26,18.84,,,,,2.127692307692308,8.854663774403468,,,,,,,
2011-05-27,18.86,,,,,2.128461538461538,8.860860137332851,,,,,,,
2011-05-31,19.09,,,,,2.1315384615384616,8.955972573078311,,,,,,,
2011-06-01,18.78,,,,,2.1323076923076925,8.807359307359308,,,,,,,
2011-06-02,18.84,,,,,2.133076923076923,8.832311575910566,,,,,,,
2011-06-03,18.69,,,,,2.1338461538461537,8.75883201153569,,,,,,,
2011-06-06,18.52,,,,,2.1361538461538463,8.669787540511342,,,,,,,
2011-06-07,18.45,,,,,2.1369230769230767,8.63390928725702,,,,,,,
2011-06-08,18.39,,,,,2.137692307692308,8.602734796689456,,,,,,,
2011-06-09,18.55,,,,,2.1384615384615384,8.674460431654676,,,,,,,
2011-06-10,18.035,,,,,2.1392307692307693,8.430600503416038,,,,,,,
2011-06-13,17.97,,,,,2.1415384615384614,8.391163793103448,,,,,,,
2011-06-14,18.02,,,,,2.142307692307692,8.411490125673252,,,,,,,
2011-06-15,17.9,,,,,2.143076923076923,8.352476669059582,,,,,,,
2011-06-16,17.96,,,,,2.143846153846154,8.37746681019017,,,,,,,
2011-06-17,17.77,,,,,2.144615384615385,8.28586800573888,,,,,,,
2011-06-20,17.88,,,,,2.146923076923077,8.328197778573987,,,,,,,
2011-06-21,18.36,,,,,2.147692307692308,8.548710601719197,,,,,,,
2011-06-22,18.011,,,,,2.148461538461538,8.383208020050127,,,,,,,
2011-06-23,18.18,,,,,2.149230769230769,8.458840372226199,,,,,,,
2011-06-24,18.04,,,,,2.15,8.390697674418604,,,,,,,
2011-06-27,18.27,,,,,2.1523076923076925,8.48856325947105,,,,,,,
2011-06-28,18.25,,,,,2.153076923076924,8.476241514826722,,,,,,,
2011-06-29,18.34,,,,,2.1538461538461537,8.515,,,,,,,
2011-06-30,18.48,,,,,2.1546153846153846,8.576936808282756,,,,,,,
2011-07-01,18.68,,,,,2.1553846153846155,8.666666666666666,,,,,,,
2011-07-05,18.81,,,,,2.1584615384615384,8.714540270848183,,,,,,,
2011-07-06,19.24,,,,,2.1592307692307693,8.910580691129319,,,,,,,
2011-07-07,19.07,,,,,2.16,8.828703703703702,,,,,,,
2011-07-08,18.91,,,,,2.160769230769231,8.751512993948023,,,,,,,
2011-07-11,18.8,,,,,2.163076923076923,8.691322901849217,,,,,,,
2011-07-12,18.8,,,,,2.163846153846154,8.688233202986135,,,,,,,
2011-07-13,18.72,,,,,2.164615384615385,8.648187633262259,,,,,,,
2011-07-14,18.49,,,,,2.165384615384616,8.538898756660743,,,,,,,
2011-07-15,18.47,,,,,2.166153846153846,8.526633522727272,,,,,,,
2011-07-18,18.18,,,,,2.1684615384615387,8.383824051081943,,,,,,,
2011-07-19,18.46,,,,,2.169230769230769,8.509929078014185,,,,,,,
2011-07-20,18.58,,,,,2.17,8.56221198156682,,,,,,,
2011-07-21,18.8,,,,,2.170769230769231,8.660524450744154,,,,,,,
2011-07-22,18.57,,,,,2.1715384615384616,8.55154091392136,,,,,,,
2011-07-25,18.54,,,,,2.1738461538461538,8.528662420382165,,,,,,,
2011-07-26,18.25,,,,,2.1746153846153846,8.392288645206934,,,,,,,
2011-07-27,17.99,,,,,2.1753846153846155,8.269801980198018,,,,,,,
2011-07-28,17.88,,,,,2.1761538461538463,8.216330858960763,,,,,,,
2011-07-29,17.76,,,,,2.176923076923077,8.158303886925795,,,,,,,
2011-08-01,17.68,,,,,2.1792307692307693,8.112954465231203,,,,,,,
2011-08-02,17.07,2011-08-02,2.18,0.0,actual,2.18,7.830275229357798,,,,,,,
2011-08-03,15.98,,,,,2.181208791208791,7.326212907451257,,,,,,,
2011-08-04,15.57,,,,,2.1824175824175827,7.13429003021148,,,,,,,
2011-08-05,15.27,,,,,2.1836263736263737,6.992954556891953,,,,,,,
2011-08-08,14.01,,,,,2.187252747252747,6.405295418006431,,,,,,,
2011-08-09,14.02,,,,,2.1884615384615387,6.406326889279437,,,,,,,
2011-08-10,13.63,,,,,2.1896703296703297,6.224681320887283,,,,,,,
2011-08-11,13.98,,,,,2.190879120879121,6.381000150473993,,,,,,,
2011-08-12,14.01,,,,,2.192087912087912,6.391167034289151,,,,,,,
2011-08-15,13.54,,,,,2.1957142857142857,6.1665582303188025,,,,,,,
2011-08-16,13.9,,,,,2.196923076923077,6.32703081232493,,,,,,,
2011-08-17,13.92,,,,,2.198131868131868,6.332650102484628,,,,,,,
2011-08-18,13.31,,,,,2.19934065934066,6.051813730388726,,,,,,,
2011-08-19,12.86,,,,,2.2005494505494507,5.843995006242197,,,,,,,
2011-08-22,12.58,,,,,2.204175824175824,5.707348688802474,,,,,,,
2011-08-23,13.2,,,,,2.205384615384616,5.985350540634808,,,,,,,
2011-08-24,13.25,,,,,2.2065934065934067,6.004731075697211,,,,,,,
2011-08-25,12.78,,,,,2.2078021978021978,5.7885620427056885,,,,,,,
2011-08-26,12.82,,,,,2.209010989010989,5.803502139090639,,,,,,,
2011-08-29,13.03,,,,,2.2126373626373628,5.888899925502855,,,,,,,
2011-08-30,13.17,,,,,2.213846153846154,5.948922863099375,,,,,,,
2011-08-31,13.36,,,,,2.2150549450549453,6.031453093218236,,,,,,,
2011-09-01,13.25,,,,,2.2162637362637363,5.9785303451011504,,,,,,,
2011-09-02,12.74,,,,,2.217472527472528,5.745279746270874,,,,,,,
2011-09-06,12.63,,,,,2.2223076923076923,5.683281412253376,,,,,,,
2011-09-07,13.13,,,,,2.223516483516484,5.905060788771374,,,,,,,
2011-09-08,13.02,,,,,2.224725274725275,5.852408001975796,,,,,,,
2011-09-09,12.8,,,,,2.225934065934066,5.750394944707741,,,,,,,
2011-09-12,12.85,,,,,2.22956043956044,5.763467889003893,,,,,,,
2011-09-13,13.23,,,,,2.230769230769231,5.930689655172414,,,,,,,
2011-09-14,13.41,,,,,2.231978021978022,6.008123676825366,,,,,,,
2011-09-15,13.72,,,,,2.2331868131868133,6.143686645015254,,,,,,,
2011-09-16,13.87,,,,,2.2343956043956044,6.207495204839423,,,,,,,
2011-09-19,13.38,,,,,2.2380219780219783,5.97849356771089,,,,,,,
2011-09-20,13.49,,,,,2.2392307692307694,6.024390243902439,,,,,,,
2011-09-21,13.01,,,,,2.2404395604395604,5.806896213458898,,,,,,,
2011-09-22,12.61,,,,,2.241648351648352,5.625324770822099,,,,,,,
2011-09-23,12.83,,,,,2.242857142857143,5.720382165605096,,,,,,,
2011-09-26,12.91,,,,,2.2464835164835164,5.746759281905787,,,,,,,
2011-09-27,13.17,,,,,2.247692307692308,5.859342915811088,,,,,,,
2011-09-28,12.7,,,,,2.248901098901099,5.647202540923527,,,,,,,
2011-09-29,12.95,,,,,2.2501098901098904,5.755274467669466,,,,,,,
2011-09-30,12.64,,,,,2.2513186813186814,5.614487235808073,,,,,,,
2011-10-03,12.34,,,,,2.254945054945055,5.472417153996101,,,,,,,
2011-10-04,12.52,,,,,2.2561538461538464,5.54926696215479,,,,,,,
2011-10-05,12.87,,,,,2.257362637362637,5.701343588745011,,,,,,,
2011-10-06,12.95,,,,,2.2585714285714285,5.733712839974699,,,,,,,
2011-10-07,12.67,,,,,2.25978021978022,5.606739933865007,,,,,,,
2011-10-10,13.09,,,,,2.263406593406593,5.783317958926058,,,,,,,
2011-10-11,13.62,,,,,2.2646153846153845,6.014266304347826,,,,,,,
2011-10-12,13.92,,,,,2.265824175824176,6.143459915611814,,,,,,,
2011-10-13,13.76,,,,,2.267032967032967,6.06960736791081,,,,,,,
2011-10-14,14.13,,,,,2.2682417582417584,6.229494695024465,,,,,,,
2011-10-17,13.79,,,,,2.271868131868132,6.069894553545516,,,,,,,
2011-10-18,14.07,,,,,2.273076923076923,6.1898477157360405,,,,,,,
2011-10-19,13.76,,,,,2.2742857142857145,6.050251256281406,,,,,,,
2011-10-20,13.35,,,,,2.275494505494505,5.866856618534796,,,,,,,
2011-10-21,13.9,,,,,2.276703296703297,6.105319046239984,,,,,,,
2011-10-24,14.28,,,,,2.2803296703296705,6.262252421570044,,,,,,,
2011-10-25,13.96,,,,,2.281538461538461,6.118678354686448,,,,,,,
2011-10-26,13.97,,,,,2.282747252747253,6.119818995811871,,,,,,,
2011-10-27,14.69,,,,,2.283956043956044,6.431822555812163,,,,,,,
2011-10-28,14.58,,,,,2.285164835164835,6.38028372204857,,,,,,,
2011-10-31,14.24,,,,,2.288791208791209,6.221624735932398,,,,,,,
2011-11-01,13.55,2011-11-01,2.29,0.0,actual,2.29,5.91703056768559,,,,,,,
2011-11-02,14.11,,,,,2.289591836734694,6.162670469738835,,,,,,,
2011-11-03,14.85,,,,,2.289183673469388,6.487028617277347,,,,,,,
2011-11-04,14.97,,,,,2.288775510204082,6.5406152474364685,,,,,,,
2011-11-07,15.04,,,,,2.287551020408164,6.5747167454723865,,,,,,,
2011-11-08,15.48,,,,,2.2871428571428574,6.768269831355402,,,,,,,
2011-11-09,14.68,,,,,2.286734693877551,6.419634091923249,,,,,,,
2011-11-10,14.81,,,,,2.286326530612245,6.477639917879139,,,,,,,
2011-11-11,15.18,,,,,2.2859183673469388,6.640657084188912,,,,,,,
2011-11-14,14.89,,,,,2.2846938775510206,6.517284502009826,,,,,,,
2011-11-15,15.2,,,,,2.2842857142857143,6.6541588492808,,,,,,,
2011-11-16,14.83,,,,,2.2838775510204083,6.493342864802073,,,,,,,
2011-11-17,14.54,,,,,2.283469387755102,6.367503798373402,,,,,,,
2011-11-18,14.8,,,,,2.283061224489796,6.482524358630553,,,,,,,
2011-11-21,14.37,,,,,2.281836734693877,6.29755835792863,,,,,,,
2011-11-22,14.14,,,,,2.281428571428572,6.197871008140262,,,,,,,
2011-11-23,14.0,,,,,2.281020408163265,6.137604008231191,,,,,,,
2011-11-25,13.87,,,,,2.280204081632653,6.082788866016289,,,,,,,
2011-11-28,14.22,,,,,2.278979591836735,6.239634637772006,,,,,,,
2011-11-29,14.26,,,,,2.2785714285714285,6.258307210031348,,,,,,,
2011-11-30,15.17,,,,,2.2781632653061226,6.658873062796739,,,,,,,
2011-12-01,14.98,,,,,2.277755102040816,6.576650837738554,,,,,,,
2011-12-02,14.99,,,,,2.2773469387755103,6.582220629088628,,,,,,,
2011-12-05,15.25,,,,,2.276122448979592,6.699991033802563,,,,,,,
2011-12-06,15.13,,,,,2.275714285714286,6.648462021343377,,,,,,,
2011-12-07,15.23,,,,,2.2753061224489795,6.693604807606064,,,,,,,
2011-12-08,14.68,,,,,2.274897959183673,6.453036691486499,,,,,,,
2011-12-09,15.09,,,,,2.274489795918367,6.634454912516824,,,,,,,
2011-12-12,14.87,,,,,2.273265306122449,6.541251458838316,,,,,,,
2011-12-13,14.66,,,,,2.2728571428571427,6.450031426775613,,,,,,,
2011-12-14,14.32,,,,,2.272448979591837,6.301571621014818,,,,,,,
2011-12-15,14.49,,,,,2.2720408163265304,6.377526273241714,,,,,,,
2011-12-16,14.47,,,,,2.2716326530612245,6.369867936393855,,,,,,,
2011-12-19,14.17,,,,,2.270408163265306,6.241168539325844,,,,,,,
2011-12-20,14.77,,,,,2.27,6.506607929515418,,,,,,,
2011-12-21,14.65,,,,,2.269591836734694,6.454905134430357,,,,,,,
2011-12-22,14.81,,,,,2.269183673469388,6.526576130947027,,,,,,,
2011-12-23,14.86,,,,,2.268775510204082,6.54978861203562,,,,,,,
2011-12-27,14.78,,,,,2.2671428571428573,6.519218651543793,,,,,,,
2011-12-28,14.29,,,,,2.266734693877551,6.304222562348069,,,,,,,
2011-12-29,14.57,,,,,2.266326530612245,6.428905898244034,,,,,,,
2011-12-30,14.71,,,,,2.2659183673469387,6.491849049806359,,,,,,,
2012-01-03,15.07,,,,,2.2642857142857142,6.655520504731862,,,,,,,
2012-01-04,14.9,,,,,2.2638775510204083,6.581628053727576,,,,,,,
2012-01-05,15.02,,,,,2.263469387755102,6.6358308538454605,,,,,,,
2012-01-06,14.89,,,,,2.263061224489796,6.579583370908107,,,,,,,
2012-01-09,15.13,,,,,2.261836734693877,6.689253812144728,,,,,,,
2012-01-10,15.51,,,,,2.261428571428572,6.858496525584331,,,,,,,
2012-01-11,15.59,,,,,2.261020408163265,6.895116887805759,,,,,,,
2012-01-12,15.76,,,,,2.26061224489796,6.971562697481265,,,,,,,
2012-01-13,15.63,,,,,2.260204081632653,6.915304740406321,,,,,,,
2012-01-17,15.71,,,,,2.2585714285714285,6.955724225173942,,,,,,,
2012-01-18,15.85,,,,,2.2581632653061225,7.018978761861725,,,,,,,
2012-01-19,15.74,,,,,2.257755102040816,6.971526710657146,,,,,,,
2012-01-20,15.75,,,,,2.2573469387755103,6.977217249796582,,,,,,,
2012-01-23,15.73,,,,,2.256122448979592,6.972139303482586,,,,,,,
2012-01-24,15.83,,,,,2.255714285714286,7.017732742241925,,,,,,,
2012-01-25,15.95,,,,,2.2553061224489794,7.072210659668809,,,,,,,
2012-01-26,16.2,,,,,2.254897959183673,7.184360575617704,,,,,,,
2012-01-27,16.31,,,,,2.254489795918367,7.2344527926133795,,,,,,,
2012-01-30,16.19,,,,,2.253265306122449,7.185128158681279,,,,,,,
2012-01-31,16.27,,,,,2.2528571428571427,7.221940393151554,,,,,,,
2012-02-01,16.51,,,,,2.2524489795918368,7.32979976442874,,,,,,,
2012-02-02,16.62,,,,,2.2520408163265304,7.379972813774355,,,,,,,
2012-02-03,16.95,,,,,2.2516326530612245,7.527870932656575,,,,,,,
2012-02-06,17.03,,,,,2.250408163265306,7.56751609685318,,,,,,,
2012-02-07,17.34,2012-02-07,2.25,0.0,actual,2.25,7.706666666666667,,,,,,,
2012-02-08,16.28,,,,,2.250714285714286,7.233259282767375,,,,,,,
2012-02-09,16.06,,,,,2.251428571428572,7.133248730964465,,,,,,,
2012-02-10,15.74,,,,,2.252142857142857,6.988899460830956,,,,,,,
2012-02-13,16.01,,,,,2.2542857142857144,7.102027883396705,,,,,,,
2012-02-14,15.91,,,,,2.255,7.055432372505544,,,,,,,
2012-02-15,15.79,,,,,2.255714285714286,6.999999999999999,,,,,,,
2012-02-16,16.2,,,,,2.2564285714285712,7.17948717948718,,,,,,,
2012-02-17,16.13,,,,,2.257142857142857,7.146202531645569,,,,,,,
2012-02-21,16.28,,,,,2.26,7.2035398230088505,,,,,,,
2012-02-22,16.36,,,,,2.2607142857142857,7.236650868878357,,,,,,,
2012-02-23,16.4,,,,,2.261428571428572,7.252053063802903,,,,,,,
2012-02-24,16.25,,,,,2.262142857142857,7.183454373223872,,,,,,,
2012-02-27,16.22,,,,,2.2642857142857142,7.163406940063092,,,,,,,
2012-02-28,16.29,,,,,2.265,7.192052980132449,,,,,,,
2012-02-29,16.01,,,,,2.2657142857142856,7.066204287515764,,,,,,,
2012-03-01,16.04,,,,,2.2664285714285715,7.077213993066498,,,,,,,
2012-03-02,15.85,,,,,2.2671428571428573,6.991178323881536,,,,,,,
2012-03-05,16.1,,,,,2.269285714285714,7.094743468681147,,,,,,,
2012-03-06,15.82,,,,,2.27,6.969162995594714,,,,,,,
2012-03-07,15.86,,,,,2.270714285714286,6.984586347908146,,,,,,,
2012-03-08,15.8,,,,,2.271428571428572,6.955974842767295,,,,,,,
2012-03-09,16.0,,,,,2.272142857142857,7.041810751336059,,,,,,,
2012-03-12,15.99,,,,,2.2742857142857145,7.030778894472362,,,,,,,
2012-03-13,16.2,,,,,2.275,7.12087912087912,,,,,,,
2012-03-14,16.09,,,,,2.275714285714286,7.070307595731324,,,,,,,
2012-03-15,16.06,,,,,2.2764285714285712,7.054910574207719,,,,,,,
2012-03-16,15.91,,,,,2.277142857142857,6.986825595984944,,,,,,,
2012-03-19,16.01,,,,,2.2792857142857144,7.024130366656221,,,,,,,
2012-03-20,15.74,,,,,2.28,6.903508771929825,,,,,,,
2012-03-21,15.64,,,,,2.2807142857142857,6.857500782962731,,,,,,,
2012-03-22,15.62,,,,,2.281428571428572,6.846587351283655,,,,,,,
2012-03-23,15.6,,,,,2.282142857142857,6.835680751173709,,,,,,,
2012-03-26,15.75,,,,,2.2842857142857143,6.894934333958724,,,,,,,
2012-03-27,15.59,,,,,2.285,6.822757111597373,,,,,,,
2012-03-28,15.47,,,,,2.2857142857142856,6.768125,,,,,,,
2012-03-29,15.1,,,,,2.2864285714285715,6.6041861918150575,,,,,,,
2012-03-30,15.14,,,,,2.2871428571428574,6.619612742036227,,,,,,,
2012-04-02,15.37,,,,,2.289285714285714,6.713884555382215,,,,,,,
2012-04-03,15.17,,,,,2.29,6.624454148471616,,,,,,,
2012-04-04,14.87,,,,,2.290714285714286,6.491425007795447,,,,,,,
2012-04-05,14.89,,,,,2.291428571428572,6.498129675810473,,,,,,,
2012-04-09,14.47,,,,,2.2942857142857145,6.306973848069738,,,,,,,
2012-04-10,14.37,,,,,2.295,6.261437908496732,,,,,,,
2012-04-11,14.7,,,,,2.295714285714286,6.40323584318606,,,,,,,
2012-04-12,14.75,,,,,2.296428571428572,6.423017107309486,,,,,,,
2012-04-13,14.49,,,,,2.297142857142857,6.307835820895522,,,,,,,
2012-04-16,14.6,,,,,2.2992857142857144,6.349798073936005,,,,,,,
2012-04-17,14.89,,,,,2.3000000000000003,6.473913043478261,,,,,,,
2012-04-18,14.6,,,,,2.3007142857142857,6.345855324433406,,,,,,,
2012-04-19,14.54,,,,,2.301428571428572,6.317815021725634,,,,,,,
2012-04-20,14.52,,,,,2.302142857142857,6.30716723549488,,,,,,,
2012-04-23,14.39,,,,,2.3042857142857143,6.244885306881588,,,,,,,
2012-04-24,14.26,,,,,2.305,6.186550976138828,,,,,,,
2012-04-25,14.26,,,,,2.3057142857142856,6.184634448574969,,,,,,,
2012-04-26,14.42,,,,,2.3064285714285715,6.252090430473831,,,,,,,
2012-04-27,14.68,,,,,2.3071428571428574,6.362848297213621,,,,,,,
2012-04-30,14.4,,,,,2.309285714285714,6.23569440148469,,,,,,,
2012-05-01,14.6,2012-05-01,2.31,0.0,actual,2.31,6.32034632034632,,,,,,,
2012-05-02,15.97,,,,,2.310714285714286,6.911282843894899,,,,,,,
2012-05-03,16.46,,,,,2.3114285714285714,7.121137206427689,,,,,,,
2012-05-04,16.05,,,,,2.3121428571428573,6.941612604263207,,,,,,,
2012-05-07,16.23,,,,,2.3142857142857145,7.012962962962963,,,,,,,
2012-05-08,16.29,,,,,2.315,7.036717062634989,,,,,,,
2012-05-09,16.38,,,,,2.315714285714286,7.073411474398519,,,,,,,
2012-05-10,16.53,,,,,2.316428571428572,7.135985198889916,,,,,,,
2012-05-11,16.53,,,,,2.317142857142857,7.133785450061652,,,,,,,
2012-05-14,16.57,,,,,2.3192857142857144,7.144441022482291,,,,,,,
2012-05-15,16.83,,,,,2.32,7.254310344827586,,,,,,,
2012-05-16,16.83,,,,,2.3207142857142857,7.252077562326869,,,,,,,
2012-05-17,16.62,,,,,2.321428571428572,7.159384615384614,,,,,,,
2012-05-18,16.37,,,,,2.322142857142857,7.049523223623501,,,,,,,
2012-05-21,16.66,,,,,2.3242857142857143,7.16779348494161,,,,,,,
2012-05-22,16.41,,,,,2.325,7.058064516129032,,,,,,,
2012-05-23,16.4,,,,,2.3257142857142856,7.051597051597051,,,,,,,
2012-05-24,16.29,,,,,2.3264285714285715,7.002149217070923,,,,,,,
2012-05-25,16.38,,,,,2.327142857142857,7.038674033149172,,,,,,,
2012-05-29,16.8,,,,,2.33,7.210300429184549,,,,,,,
2012-05-30,16.64,,,,,2.330714285714285,7.1394422310757,,,,,,,
2012-05-31,16.5,,,,,2.3314285714285714,7.077205882352941,,,,,,,
2012-06-01,16.35,,,,,2.3321428571428573,7.010719754977029,,,,,,,
2012-06-04,16.39,,,,,2.334285714285714,7.021419828641371,,,,,,,
2012-06-05,16.37,,,,,2.335,7.010706638115632,,,,,,,
2012-06-06,16.58,,,,,2.335714285714286,7.098470948012231,,,,,,,
2012-06-07,16.53,,,,,2.336428571428572,7.074900642005503,,,,,,,
2012-06-08,16.47,,,,,2.337142857142857,7.047066014669926,,,,,,,
2012-06-11,16.19,,,,,2.3392857142857144,6.920916030534351,,,,,,,
2012-06-12,16.37,,,,,2.34,6.995726495726497,,,,,,,
2012-06-13,16.1,,,,,2.3407142857142857,6.878242294781813,,,,,,,
2012-06-14,16.32,,,,,2.341428571428572,6.970103721781572,,,,,,,
2012-06-15,16.22,,,,,2.342142857142857,6.925282098200671,,,,,,,
2012-06-18,16.22,,,,,2.3442857142857143,6.918951858622791,,,,,,,
2012-06-19,16.6,,,,,2.345,7.078891257995736,,,,,,,
2012-06-20,16.6,,,,,2.3457142857142856,7.076735688185141,,,,,,,
2012-06-21,16.69,,,,,2.3464285714285715,7.1129375951293765,,,,,,,
2012-06-22,17.03,,,,,2.347142857142857,7.2556299452221555,,,,,,,
2012-06-25,16.87,,,,,2.349285714285714,7.180906050471268,,,,,,,
2012-06-26,16.77,,,,,2.35,7.136170212765957,,,,,,,
2012-06-27,16.9,,,,,2.350714285714285,7.189304162868431,,,,,,,
2012-06-28,16.81,,,,,2.3514285714285714,7.148845686512757,,,,,,,
2012-06-29,17.28,,,,,2.3521428571428573,7.346492559975706,,,,,,,
2012-07-02,17.7,,,,,2.354285714285714,7.518203883495146,,,,,,,
2012-07-03,17.79,,,,,2.355,7.554140127388535,,,,,,,
2012-07-05,17.96,,,,,2.356428571428572,7.62170354652925,,,,,,,
2012-07-06,17.75,,,,,2.357142857142857,7.53030303030303,,,,,,,
2012-07-09,17.81,,,,,2.3592857142857144,7.548894943990311,,,,,,,
2012-07-10,17.53,,,,,2.36,7.427966101694916,,,,,,,
2012-07-11,17.54,,,,,2.3607142857142858,7.429954614220877,,,,,,,
2012-07-12,17.45,,,,,2.361428571428571,7.389594676346038,,,,,,,
2012-07-13,17.56,,,,,2.362142857142857,7.433928031448442,,,,,,,
2012-07-16,17.56,,,,,2.3642857142857143,7.427190332326283,,,,,,,
2012-07-17,17.66,,,,,2.365,7.467230443974629,,,,,,,
2012-07-18,17.8,,,,,2.3657142857142857,7.524154589371981,,,,,,,
2012-07-19,17.61,,,,,2.3664285714285715,7.441593721702384,,,,,,,
2012-07-20,17.72,,,,,2.367142857142857,7.485817742908871,,,,,,,
2012-07-23,17.17,,,,,2.369285714285714,7.246909858305699,,,,,,,
2012-07-24,17.15,,,,,2.37,7.2362869198312225,,,,,,,
2012-07-25,17.15,,,,,2.3707142857142856,7.234106658632118,,,,,,,
2012-07-26,17.3,,,,,2.3714285714285714,7.295180722891566,,,,,,,
2012-07-27,17.7005,,,,,2.372142857142857,7.461818729298406,,,,,,,
2012-07-30,17.7,,,,,2.374285714285714,7.454873646209386,,,,,,,
2012-07-31,17.63,,,,,2.375,7.423157894736842,,,,,,,
2012-08-01,17.08,,,,,2.375714285714285,7.18941671677691,,,,,,,
2012-08-02,17.38,,,,,2.376428571428572,7.313495641719265,,,,,,,
2012-08-03,17.72,,,,,2.377142857142857,7.454326923076923,,,,,,,
2012-08-06,17.695,,,,,2.379285714285714,7.437105974181929,,,,,,,
2012-08-07,17.8,2012-08-07,2.38,0.0,actual,2.38,7.478991596638656,,,,,,,
2012-08-08,19.645,,,,,2.3790588235294114,8.257467115023243,,,,,,,
2012-08-09,19.46,,,,,2.3781176470588234,8.182942515088554,,,,,,,
2012-08-10,19.57,,,,,2.377176470588235,8.232455706225874,,,,,,,
2012-08-13,19.6,,,,,2.3743529411764706,8.254880586661383,,,,,,,
2012-08-14,20.0,,,,,2.373411764705882,8.426687816000793,,,,,,,
2012-08-15,19.96,,,,,2.372470588235294,8.413170683328374,,,,,,,
2012-08-16,19.99,,,,,2.3715294117647057,8.429159638853061,,,,,,,
2012-08-17,20.0,,,,,2.3705882352941177,8.436724565756824,,,,,,,
2012-08-20,20.05,,,,,2.3677647058823528,8.467902216038956,,,,,,,
2012-08-21,20.43,,,,,2.3668235294117648,8.631822248732478,,,,,,,
2012-08-22,20.42,,,,,2.3658823529411763,8.631029338637495,,,,,,,
2012-08-23,20.27,,,,,2.3649411764705883,8.571037707690776,,,,,,,
2012-08-24,20.7,,,,,2.364,8.756345177664974,,,,,,,
2012-08-27,21.14,,,,,2.361176470588235,8.953163926258098,,,,,,,
2012-08-28,21.57,,,,,2.360235294117647,9.138919350014952,,,,,,,
2012-08-29,21.49,,,,,2.3592941176470585,9.108656627106813,,,,,,,
2012-08-30,21.26,,,,,2.3583529411764705,9.014766038112343,,,,,,,
2012-08-31,21.21,,,,,2.357411764705882,8.997155404731012,,,,,,,
2012-09-04,21.47,,,,,2.353647058823529,9.122013395981206,,,,,,,
2012-09-05,21.62,,,,,2.352705882352941,9.18941894189419,,,,,,,
2012-09-06,21.8,,,,,2.3517647058823528,9.269634817408706,,,,,,,
2012-09-07,21.02,,,,,2.3508235294117648,8.941547392653387,,,,,,,
2012-09-10,21.48,,,,,2.348,9.148211243611586,,,,,,,
2012-09-11,21.73,,,,,2.3470588235294114,9.25839598997494,,,,,,,
2012-09-12,21.85,,,,,2.3461176470588234,9.31325844950356,,,,,,,
2012-09-13,22.31,,,,,2.345176470588235,9.513143373131332,,,,,,,
2012-09-14,22.68,,,,,2.344235294117647,9.67479674796748,,,,,,,
2012-09-17,22.64,,,,,2.341411764705882,9.669379961812885,,,,,,,
2012-09-18,22.62,,,,,2.340470588235294,9.664723032069972,,,,,,,
2012-09-19,22.88,,,,,2.3395294117647056,9.779744543900232,,,,,,,
2012-09-20,23.04,,,,,2.3385882352941176,9.85209779655901,,,,,,,
2012-09-21,22.98,,,,,2.337647058823529,9.830397584297938,,,,,,,
2012-09-24,22.92,,,,,2.3348235294117647,9.816587725486244,,,,,,,
2012-09-25,21.85,,,,,2.3338823529411763,9.362082871257185,,,,,,,
2012-09-26,22.26,,,,,2.3329411764705883,9.54160363086233,,,,,,,
2012-09-27,22.72,,,,,2.332,9.74271012006861,,,,,,,
2012-09-28,22.49,,,,,2.3310588235294114,9.647976178459675,,,,,,,
2012-10-01,22.7,,,,,2.328235294117647,9.74987367357251,,,,,,,
2012-10-02,22.65,,,,,2.3272941176470585,9.732332423415226,,,,,,,
2012-10-03,22.7,,,,,2.3263529411764705,9.757762718721551,,,,,,,
2012-10-04,22.85,,,,,2.325411764705882,9.826216735808966,,,,,,,
2012-10-05,22.76,,,,,2.324470588235294,9.791476870128555,,,,,,,
2012-10-08,22.65,,,,,2.321647058823529,9.756004864700516,,,,,,,
2012-10-09,22.32,,,,,2.320705882352941,9.617763358004664,,,,,,,
2012-10-10,22.35,,,,,2.3197647058823527,9.634597829394464,,,,,,,
2012-10-11,22.22,,,,,2.3188235294117647,9.582445459157787,,,,,,,
2012-10-12,21.72,,,,,2.3178823529411763,9.370622271850571,,,,,,,
2012-10-15,21.77,,,,,2.3150588235294114,9.40364874479114,,,,,,,
2012-10-16,22.17,,,,,2.3141176470588234,9.580325368581596,,,,,,,
2012-10-17,22.47,,,,,2.313176470588235,9.71391516631065,,,,,,,
2012-10-18,22.32,,,,,2.312235294117647,9.652996845425868,,,,,,,
2012-10-19,21.79,,,,,2.3112941176470585,9.42761885371068,,,,,,,
2012-10-22,21.53,,,,,2.308470588235294,9.326521251656304,,,,,,,
2012-10-23,21.41,,,,,2.3075294117647056,9.278321607015398,,,,,,,
2012-10-24,21.2,,,,,2.3065882352941176,9.19106396001224,,,,,,,
2012-10-25,21.29,,,,,2.305647058823529,9.233850392897237,,,,,,,
2012-10-26,21.17,,,,,2.304705882352941,9.185553854007148,,,,,,,
2012-10-31,20.61,2012-10-30,2.3,0.0,actual,2.3,8.960869565217392,,,,,,,
2012-11-01,20.23,,,,,2.3003092783505155,8.794469591717833,,,,,,,
2012-11-02,19.64,,,,,2.3006185567010307,8.536834558164546,,,,,,,
2012-11-05,19.93,,,,,2.301546391752577,8.65939529675252,,,,,,,
2012-11-06,20.0,,,,,2.3018556701030928,8.688642063776424,,,,,,,
2012-11-07,19.19,,,,,2.302164948453608,8.335632080963684,,,,,,,
2012-11-08,18.95,,,,,2.302474226804124,8.230276708157964,,,,,,,
2012-11-09,18.98,,,,,2.302783505154639,8.242199041948338,,,,,,,
2012-11-12,18.53,,,,,2.3037113402061853,8.043542468450731,,,,,,,
2012-11-13,18.49,,,,,2.304020618556701,8.025101794263724,,,,,,,
2012-11-14,18.06,,,,,2.304329896907217,7.837419470293484,,,,,,,
2012-11-15,18.02,,,,,2.304639175257732,7.819011406844106,,,,,,,
2012-11-16,17.83,,,,,2.3049484536082474,7.735530906163341,,,,,,,
2012-11-19,18.15,,,,,2.305876288659794,7.871194169982563,,,,,,,
2012-11-20,18.12,,,,,2.306185567010309,7.857130084935182,,,,,,,
2012-11-21,17.9,,,,,2.3064948453608247,7.76069369329102,,,,,,,
2012-11-23,17.91,,,,,2.307113402061856,7.762947406050314,,,,,,,
2012-11-26,18.03,,,,,2.308041237113402,7.811818831516884,,,,,,,
2012-11-27,18.18,,,,,2.308350515463917,7.875753651020502,,,,,,,
2012-11-28,18.26,,,,,2.308659793814433,7.909350718942575,,,,,,,
2012-11-29,18.55,,,,,2.3089690721649485,8.03388846720543,,,,,,,
2012-11-30,18.58,,,,,2.309278350515464,8.04580357142857,,,,,,,
2012-12-03,18.91,,,,,2.31020618556701,8.185416573698069,,,,,,,
2012-12-04,19.16,,,,,2.310515463917526,8.292521863287524,,,,,,,
2012-12-05,18.96,,,,,2.310824742268041,8.204862815079188,,,,,,,
2012-12-06,18.67,,,,,2.3111340206185567,8.078285306450175,,,,,,,
2012-12-07,18.39,,,,,2.3114432989690723,7.956067971990544,,,,,,,
2012-12-10,18.33,,,,,2.3123711340206183,7.926928221132412,,,,,,,
2012-12-11,18.53,,,,,2.312680412371134,8.012347880354834,,,,,,,
2012-12-12,18.36,,,,,2.3129896907216496,7.937778570155107,,,,,,,
2012-12-13,18.13,,,,,2.313298969072165,7.837292214448059,,,,,,,
2012-12-14,17.86,,,,,2.3136082474226805,7.719543712681578,,,,,,,
2012-12-17,18.31,,,,,2.314536082474227,7.910872566923521,,,,,,,
2012-12-18,18.89,,,,,2.314845360824742,8.16037231673644,,,,,,,
2012-12-19,18.94,,,,,2.3151546391752578,8.180879013225276,,,,,,,
2012-12-20,18.85,,,,,2.315463917525773,8.14091718610864,,,,,,,
2012-12-21,18.745,,,,,2.3157731958762886,8.094488714775409,,,,,,,
2012-12-24,18.66,,,,,2.316701030927835,8.054556781772872,,,,,,,
2012-12-26,18.4,,,,,2.317319587628866,7.94020820357683,,,,,,,
2012-12-27,18.29,,,,,2.3176288659793816,7.891686312886437,,,,,,,
2012-12-28,17.88,,,,,2.3179381443298968,7.713752001423234,,,,,,,
2012-12-31,18.1801,,,,,2.3188659793814432,7.84008224781043,,,,,,,
2013-01-02,18.62,,,,,2.319484536082474,8.027645673141029,,,,,,,
2013-01-03,19.05,,,,,2.3197938144329897,8.21193671673629,,,,,,,
2013-01-04,19.2,,,,,2.3201030927835053,8.275494334592311,,,,,,,
2013-01-07,19.3,,,,,2.3210309278350514,8.315270498356579,,,,,,,
2013-01-08,19.41,,,,,2.321340206185567,8.361549051827508,,,,,,,
2013-01-09,19.5,,,,,2.3216494845360827,8.399200710479573,,,,,,,
2013-01-10,19.49,,,,,2.321958762886598,8.393775251964659,,,,,,,
2013-01-11,19.36,,,,,2.322268041237113,8.33667761697594,,,,,,,
2013-01-14,19.05,,,,,2.32319587628866,8.199911249167961,,,,,,,
2013-01-15,19.28,,,,,2.323505154639175,8.297808146241904,,,,,,,
2013-01-16,19.12,,,,,2.323814432989691,8.227851470653476,,,,,,,
2013-01-17,19.02,,,,,2.324123711340206,8.183729595457772,,,,,,,
2013-01-18,19.05,,,,,2.3244329896907217,8.195547079434071,,,,,,,
2013-01-22,18.84,,,,,2.325670103092784,8.100890996941352,,,,,,,
2013-01-23,18.51,,,,,2.325979381443299,7.957938126052656,,,,,,,
2013-01-24,18.29,,,,,2.3262886597938146,7.862308885442055,,,,,,,
2013-01-25,18.18,,,,,2.32659793814433,7.81398440269408,,,,,,,
2013-01-28,18.79,,,,,2.3275257731958763,8.072950347698985,,,,,,,
2013-01-29,18.93,,,,,2.327835051546392,8.132019486271036,,,,,,,
2013-01-30,18.6,,,,,2.328144329896907,7.989195412478414,,,,,,,
2013-01-31,18.83,,,,,2.3284536082474228,8.086912246524395,,,,,,,
2013-02-01,18.73,,,,,2.3287628865979384,8.042896985258311,,,,,,,
2013-02-04,18.25,,,,,2.3296907216494844,7.833657845827065,,,,,,,
2013-02-05,18.64,2013-02-05,2.33,0.0,actual,2.33,8.0,,,,,,,
2013-02-06,19.37,,,,,2.3285714285714287,8.31840490797546,,,,,,,
2013-02-07,19.02,,,,,2.3271428571428574,8.173112338858195,,,,,,,
2013-02-08,19.29,,,,,2.3257142857142856,8.294226044226043,,,,,,,
2013-02-11,19.54,,,,,2.321428571428572,8.417230769230766,,,,,,,
2013-02-12,19.77,,,,,2.3200000000000003,8.52155172413793,,,,,,,
2013-02-13,20.05,,,,,2.3185714285714285,8.647566235366606,,,,,,,
2013-02-14,20.25,,,,,2.317142857142857,8.739210850801479,,,,,,,
2013-02-15,20.28,,,,,2.315714285714286,8.757557063541023,,,,,,,
2013-02-19,20.4,,,,,2.31,8.83116883116883,,,,,,,
2013-02-20,20.24,,,,,2.3085714285714287,8.767326732673267,,,,,,,
2013-02-21,20.11,,,,,2.3071428571428574,8.716408668730649,,,,,,,
2013-02-22,20.11,,,,,2.3057142857142856,8.72180916976456,,,,,,,
2013-02-25,19.65,,,,,2.301428571428572,8.538175046554931,,,,,,,
2013-02-26,19.43,,,,,2.3,8.447826086956523,,,,,,,
2013-02-27,19.56,,,,,2.2985714285714285,8.50963331261653,,,,,,,
2013-02-28,19.41,,,,,2.297142857142857,8.449626865671641,,,,,,,
2013-03-01,19.24,,,,,2.295714285714286,8.380833851897945,,,,,,,
2013-03-04,19.31,,,,,2.291428571428572,8.427057356608477,,,,,,,
2013-03-05,19.505,,,,,2.29,8.517467248908297,,,,,,,
2013-03-06,19.54,,,,,2.2885714285714287,8.538077403245941,,,,,,,
2013-03-07,19.49,,,,,2.2871428571428574,8.52154903185509,,,,,,,
2013-03-08,19.55,,,,,2.2857142857142856,8.553125000000001,,,,,,,
2013-03-11,19.42,,,,,2.281428571428572,8.512210394489667,,,,,,,
2013-03-12,19.39,,,,,2.28,8.50438596491228,,,,,,,
2013-03-13,19.27,,,,,2.2785714285714285,8.45705329153605,,,,,,,
2013-03-14,19.27,,,,,2.277142857142857,8.462358845671266,,,,,,,
2013-03-15,19.75,,,,,2.275714285714286,8.678593848085374,,,,,,,
2013-03-18,19.75,,,,,2.271428571428572,8.694968553459118,,,,,,,
2013-03-19,19.69,,,,,2.27,8.674008810572687,,,,,,,
2013-03-20,19.81,,,,,2.2685714285714287,8.732367758186397,,,,,,,
2013-03-21,19.93,,,,,2.2671428571428573,8.790800252047887,,,,,,,
2013-03-22,19.8,,,,,2.2657142857142856,8.738965952080708,,,,,,,
2013-03-25,19.96,,,,,2.261428571428572,8.826279216677193,,,,,,,
2013-03-26,20.26,,,,,2.26,8.964601769911505,,,,,,,
2013-03-27,20.75,,,,,2.2585714285714285,9.187223276407336,,,,,,,
2013-03-28,21.19,,,,,2.257142857142857,9.387974683544304,,,,,,,
2013-04-01,20.72,,,,,2.251428571428572,9.203045685279186,,,,,,,
2013-04-02,20.76,,,,,2.25,9.226666666666668,,,,,,,
2013-04-03,20.51,,,,,2.2485714285714287,9.121346886912326,,,,,,,
2013-04-04,20.62,,,,,2.2471428571428573,9.176096630642084,,,,,,,
2013-04-05,20.28,,,,,2.2457142857142856,9.03053435114504,,,,,,,
2013-04-08,20.34,,,,,2.2414285714285715,9.074569789674952,,,,,,,
2013-04-09,20.2,,,,,2.24,9.017857142857142,,,,,,,
2013-04-10,20.71,,,,,2.2385714285714284,9.251435864709638,,,,,,,
2013-04-11,20.83,,,,,2.237142857142857,9.310983397190292,,,,,,,
2013-04-12,20.7,,,,,2.2357142857142858,9.258785942492011,,,,,,,
2013-04-15,20.3,,,,,2.231428571428572,9.09731113956466,,,,,,,
2013-04-16,20.38,,,,,2.23,9.139013452914796,,,,,,,
2013-04-17,20.29,,,,,2.2285714285714286,9.10448717948718,,,,,,,
2013-04-18,20.31,,,,,2.2271428571428573,9.119307248236048,,,,,,,
2013-04-19,20.39,,,,,2.225714285714285,9.16110397946085,,,,,,,
2013-04-22,20.55,,,,,2.2214285714285715,9.2508038585209,,,,,,,
2013-04-23,21.19,,,,,2.22,9.545045045045043,,,,,,,
2013-04-24,21.39,,,,,2.2185714285714284,9.641339343206695,,,,,,,
2013-04-25,21.33,,,,,2.217142857142857,9.62048969072165,,,,,,,
2013-04-26,21.24,,,,,2.2157142857142857,9.586073500967116,,,,,,,
2013-04-29,21.45,,,,,2.211428571428572,9.699612403100774,,,,,,,
2013-04-30,21.61,2013-04-30,2.21,0.0,actual,2.21,9.778280542986426,,,,,,,
2013-05-01,20.36,,,,,2.2101020408163263,9.212244332610002,,,,,,,
2013-05-02,20.72,,,,,2.210204081632653,9.374699907663896,,,,,,,
2013-05-03,21.18,,,,,2.2103061224489795,9.582383084806796,,,,,,,
2013-05-06,21.16,,,,,2.210612244897959,9.572008862629248,,,,,,,
2013-05-07,21.39,,,,,2.210714285714286,9.675605815831986,,,,,,,
2013-05-08,21.75,,,,,2.210816326530612,9.837995015231238,,,,,,,
2013-05-09,21.79,,,,,2.2109183673469386,9.85563299026169,,,,,,,
2013-05-10,21.71,,,,,2.2110204081632654,9.81899575410744,,,,,,,
2013-05-13,21.77,,,,,2.211326530612245,9.844769507636936,,,,,,,
2013-05-14,21.89,,,,,2.211428571428572,9.898578811369507,,,,,,,
2013-05-15,21.64,,,,,2.211530612244898,9.785078207908455,,,,,,,
2013-05-16,21.3,,,,,2.2116326530612245,9.630894158900064,,,,,,,
2013-05-17,21.61,,,,,2.211734693877551,9.770611303344868,,,,,,,
2013-05-20,21.7,,,,,2.212040816326531,9.809945566934218,,,,,,,
2013-05-21,21.71,,,,,2.212142857142857,9.81401356151114,,,,,,,
2013-05-22,21.17,,,,,2.212244897959184,9.569464944649448,,,,,,,
2013-05-23,20.83,,,,,2.2123469387755104,9.415340620820071,,,,,,,
2013-05-24,20.75,,,,,2.2124489795918367,9.378747348030624,,,,,,,
2013-05-28,21.73,,,,,2.212857142857143,9.819883795997416,,,,,,,
2013-05-29,21.57,,,,,2.212959183673469,9.74712961682114,,,,,,,
2013-05-30,21.7,,,,,2.213061224489796,9.80542235337514,,,,,,,
2013-05-31,21.63,,,,,2.2131632653061226,9.77334132509567,,,,,,,
2013-06-03,20.76,,,,,2.213469387755102,9.378941545270148,,,,,,,
2013-06-04,20.61,,,,,2.2135714285714285,9.310745401742498,,,,,,,
2013-06-05,20.2,,,,,2.213673469387756,9.125103715312989,,,,,,,
2013-06-06,20.77,,,,,2.2137755102040817,9.382161788430514,,,,,,,
2013-06-07,20.98,,,,,2.213877551020408,9.476585545722717,,,,,,,
2013-06-10,21.11,,,,,2.214183673469388,9.533987741370568,,,,,,,
2013-06-11,20.87,,,,,2.2142857142857144,9.42516129032258,,,,,,,
2013-06-12,20.74,,,,,2.2143877551020408,9.366019999078382,,,,,,,
2013-06-13,21.26,,,,,2.214489795918368,9.600405492581327,,,,,,,
2013-06-14,21.39,,,,,2.214591836734694,9.658664700732617,,,,,,,
2013-06-17,21.61,,,,,2.214897959183673,9.756657145489728,,,,,,,
2013-06-18,21.97,,,,,2.215,9.918735891647856,,,,,,,
2013-06-19,21.82,,,,,2.2151020408163267,9.85056200479086,,,,,,,
2013-06-20,21.42,,,,,2.215204081632653,9.66953797963978,,,,,,,
2013-06-21,21.57,,,,,2.21530612244898,9.736803316444034,,,,,,,
2013-06-24,21.39,,,,,2.2156122448979594,9.654216368074424,,,,,,,
2013-06-25,21.64,,,,,2.2157142857142857,9.766602192134108,,,,,,,
2013-06-26,21.53,,,,,2.215816326530613,9.716509325351137,,,,,,,
2013-06-27,21.91,,,,,2.215918367346939,9.887548351445938,,,,,,,
2013-06-28,21.775,,,,,2.2160204081632653,9.826173044158953,,,,,,,
2013-07-01,22.04,,,,,2.216326530612245,9.94438305709024,,,,,,,
2013-07-02,22.12,,,,,2.216428571428572,9.980019336126327,,,,,,,
2013-07-03,23.29,,,,,2.216530612244898,10.507411840530338,,,,,,,
2013-07-05,23.63,,,,,2.216734693877551,10.659823236972931,,,,,,,
2013-07-08,23.67,,,,,2.2170408163265307,10.676393427532563,,,,,,,
2013-07-09,23.92,,,,,2.217142857142857,10.788659793814434,,,,,,,
2013-07-10,23.55,,,,,2.217244897959184,10.621289520916749,,,,,,,
2013-07-11,23.58,,,,,2.2173469387755103,10.634330418775884,,,,,,,
2013-07-12,23.6,,,,,2.217448979591837,10.642860429800743,,,,,,,
2013-07-15,23.64,,,,,2.2177551020408166,10.65942762491948,,,,,,,
2013-07-16,23.42,,,,,2.217857142857143,10.5597423510467,,,,,,,
2013-07-17,23.46,,,,,2.2179591836734693,10.57729112992271,,,,,,,
2013-07-18,23.64,,,,,2.218061224489796,10.657956479735011,,,,,,,
2013-07-19,23.65,,,,,2.2181632653061225,10.661974422669978,,,,,,,
2013-07-22,23.64,,,,,2.218469387755102,10.655995584379744,,,,,,,
2013-07-23,23.49,,,,,2.218571428571429,10.58789439793947,,,,,,,
2013-07-24,23.3,,,,,2.2186734693877552,10.5017706848181,,,,,,,
2013-07-25,23.77,,,,,2.2187755102040816,10.71311626195732,,,,,,,
2013-07-26,23.8,,,,,2.2188775510204084,10.726143941135891,,,,,,,
2013-07-29,23.56,,,,,2.219183673469388,10.616516461283794,,,,,,,
2013-07-30,23.55,,,,,2.2192857142857143,10.611522368844543,,,,,,,
2013-07-31,23.68,,,,,2.219387755102041,10.669609195402296,,,,,,,
2013-08-01,23.86,,,,,2.2194897959183675,10.7502183807641,,,,,,,
2013-08-02,24.04,,,,,2.219591836734694,10.830820154468556,,,,,,,
2013-08-05,24.04,,,,,2.219897959183674,10.829326591588138,,,,,,,
2013-08-06,23.74,2013-08-06,2.22,0.0,actual,2.22,10.693693693693692,,,,,,,
2013-08-07,25.13,,,,,2.220238095238096,11.31860589812332,,,,,,,
2013-08-08,25.42,,,,,2.2204761904761905,11.447994853098864,,,,,,,
2013-08-09,25.33,,,,,2.220714285714286,11.406239948536504,,,,,,,
2013-08-12,25.17,,,,,2.2214285714285715,11.330546623794213,,,,,,,
2013-08-13,25.32,,,,,2.2216666666666667,11.396849212303076,,,,,,,
2013-08-14,25.33,,,,,2.2219047619047623,11.40012858979854,,,,,,,
2013-08-15,24.93,,,,,2.2221428571428574,11.218900675024106,,,,,,,
2013-08-16,24.9,,,,,2.222380952380953,11.204199700021425,,,,,,,
2013-08-19,24.75,,,,,2.2230952380952385,11.133126271821782,,,,,,,
2013-08-20,24.75,,,,,2.2233333333333336,11.131934032983509,,,,,,,
2013-08-21,24.57,,,,,2.2235714285714288,11.049791198201092,,,,,,,
2013-08-22,24.97,,,,,2.223809523809524,11.22847965738758,,,,,,,
2013-08-23,24.78,,,,,2.224047619047619,11.141847767904936,,,,,,,
2013-08-26,24.52,,,,,2.224761904761905,11.02140410958904,,,,,,,
2013-08-27,23.96,,,,,2.225,10.768539325842696,,,,,,,
2013-08-28,23.88,,,,,2.2252380952380952,10.731435908410017,,,,,,,
2013-08-29,24.22,,,,,2.225476190476191,10.883064084733068,,,,,,,
2013-08-30,23.54,,,,,2.225714285714286,10.576379974326056,,,,,,,
2013-09-03,23.65,,,,,2.226666666666667,10.621257485029938,,,,,,,
2013-09-04,23.92,,,,,2.226904761904762,10.741366406500587,,,,,,,
2013-09-05,23.76,,,,,2.2271428571428573,10.668377164849264,,,,,,,
2013-09-06,23.7,,,,,2.2273809523809525,10.640299305184392,,,,,,,
2013-09-09,24.01,,,,,2.2280952380952384,10.77602051720453,,,,,,,
2013-09-10,24.06,,,,,2.228333333333333,10.797307404637248,,,,,,,
2013-09-11,24.1,,,,,2.2285714285714286,10.814102564102564,,,,,,,
2013-09-12,23.77,,,,,2.228809523809524,10.66488623010362,,,,,,,
2013-09-13,23.8,,,,,2.2290476190476194,10.677205725272376,,,,,,,
2013-09-16,23.98,,,,,2.229761904761905,10.75451147891084,,,,,,,
2013-09-17,24.14,,,,,2.2300000000000004,10.825112107623315,,,,,,,
2013-09-18,24.17,,,,,2.230238095238096,10.83740792142628,,,,,,,
2013-09-19,24.21,,,,,2.2304761904761907,10.854184457728437,,,,,,,
2013-09-20,24.37,,,,,2.230714285714286,10.924751841178354,,,,,,,
2013-09-23,24.48,,,,,2.231428571428572,10.970550576184376,,,,,,,
2013-09-24,24.76,,,,,2.231666666666667,11.094846900672144,,,,,,,
2013-09-25,25.03,,,,,2.231904761904762,11.214636227864306,,,,,,,
2013-09-26,25.05,,,,,2.232142857142857,11.2224,,,,,,,
2013-09-27,24.92,,,,,2.232380952380953,11.16296928327645,,,,,,,
2013-09-30,25.05,,,,,2.2330952380952382,11.217613818104276,,,,,,,
2013-10-01,25.27,,,,,2.2333333333333334,11.314925373134328,,,,,,,
2013-10-02,24.8,,,,,2.233571428571429,11.103293891909177,,,,,,,
2013-10-03,24.36,,,,,2.233809523809524,10.90513749733532,,,,,,,
2013-10-04,24.65,,,,,2.23404761904762,11.03378450389001,,,,,,,
2013-10-07,24.36,,,,,2.234761904761905,10.900490091625825,,,,,,,
2013-10-08,24.15,,,,,2.2350000000000003,10.805369127516776,,,,,,,
2013-10-09,23.92,,,,,2.2352380952380955,10.70132083510865,,,,,,,
2013-10-10,24.56,,,,,2.2354761904761906,10.986473532857598,,,,,,,
2013-10-11,25.21,,,,,2.2357142857142858,11.276038338658148,,,,,,,
2013-10-14,25.4,,,,,2.236428571428572,11.357393803896514,,,,,,,
2013-10-15,25.51,,,,,2.236666666666667,11.4053651266766,,,,,,,
2013-10-16,26.01,,,,,2.236904761904762,11.62767429483768,,,,,,,
2013-10-17,26.2,,,,,2.237142857142857,11.711366538952744,,,,,,,
2013-10-18,26.54,,,,,2.2373809523809527,11.862083643716078,,,,,,,
2013-10-21,26.75,,,,,2.238095238095238,11.952127659574469,,,,,,,
2013-10-22,27.19,,,,,2.2383333333333337,12.147431124348472,,,,,,,
2013-10-23,27.4,,,,,2.238571428571429,12.239948947032545,,,,,,,
2013-10-24,27.595,,,,,2.238809523809524,12.325747101988725,,,,,,,
2013-10-25,27.42,,,,,2.239047619047619,12.246278179498086,,,,,,,
2013-10-28,26.79,,,,,2.239761904761905,11.961092803231637,,,,,,,
2013-10-29,27.145,2013-10-29,2.24,0.0,actual,2.24,12.11830357142857,,,,,,,
2013-10-30,27.59,,,,,2.2395918367346943,12.31920903954802,,,,,,,
2013-10-31,27.86,,,,,2.239183673469388,12.442034269048486,,,,,,,
2013-11-01,27.91,,,,,2.238775510204082,12.466636280765725,,,,,,,
2013-11-04,27.79,,,,,2.2375510204081634,12.419828529733673,,,,,,,
2013-11-05,27.36,,,,,2.237142857142857,12.229885057471265,,,,,,,
2013-11-06,27.36,,,,,2.236734693877551,12.232116788321166,,,,,,,
2013-11-07,26.88,,,,,2.2363265306122453,12.01971162620916,,,,,,,
2013-11-08,27.88,,,,,2.235918367346939,12.46914932457101,,,,,,,
2013-11-11,27.61,,,,,2.234693877551021,12.355159817351597,,,,,,,
2013-11-12,27.745,,,,,2.2342857142857144,12.417838874680308,,,,,,,
2013-11-13,28.0,,,,,2.2338775510204085,12.534259090078566,,,,,,,
2013-11-14,28.08,,,,,2.233469387755102,12.57236842105263,,,,,,,
2013-11-15,28.32,,,,,2.2330612244897963,12.682142204350209,,,,,,,
2013-11-18,28.76,,,,,2.2318367346938777,12.886247256766644,,,,,,,
2013-11-19,28.12,,,,,2.231428571428572,12.601792573623555,,,,,,,
2013-11-20,27.95,,,,,2.2310204081632654,12.527899743871204,,,,,,,
2013-11-21,28.11,,,,,2.2306122448979595,12.601921317474838,,,,,,,
2013-11-22,28.47,,,,,2.230204081632653,12.765647877013176,,,,,,,
2013-11-25,28.49,,,,,2.228979591836735,12.7816334004761,,,,,,,
2013-11-26,28.63,,,,,2.2285714285714286,12.84679487179487,,,,,,,
2013-11-27,28.66,,,,,2.2281632653061227,12.862612200036637,,,,,,,
2013-11-29,28.87,,,,,2.2273469387755105,12.961608942642476,,,,,,,
2013-12-02,28.74,,,,,2.226122448979592,12.910341034103409,,,,,,,
2013-12-03,28.69,,,,,2.225714285714286,12.890243902439025,,,,,,,
2013-12-04,28.83,,,,,2.22530612244898,12.955520909757883,,,,,,,
2013-12-05,28.57,,,,,2.2248979591836737,12.841038341588698,,,,,,,
2013-12-06,28.97,,,,,2.224489795918368,13.02321100917431,,,,,,,
2013-12-09,29.01,,,,,2.223265306122449,13.048375252432532,,,,,,,
2013-12-10,29.0,,,,,2.222857142857143,13.046272493573264,,,,,,,
2013-12-11,28.94,,,,,2.222448979591837,13.021671258034894,,,,,,,
2013-12-12,28.81,,,,,2.2220408163265306,12.965558412931667,,,,,,,
2013-12-13,28.68,,,,,2.2216326530612247,12.90942494947639,,,,,,,
2013-12-16,29.17,,,,,2.220408163265306,13.137224264705884,,,,,,,
2013-12-17,28.76,,,,,2.22,12.954954954954957,,,,,,,
2013-12-18,29.46,,,,,2.2195918367346943,13.27271055535123,,,,,,,
2013-12-19,29.19,,,,,2.219183673469388,13.15348537796579,,,,,,,
2013-12-20,29.3,,,,,2.218775510204082,13.205481972038262,,,,,,,
2013-12-23,29.5,,,,,2.2175510204081634,13.30296337198601,,,,,,,
2013-12-24,29.59,,,,,2.217142857142857,13.346005154639176,,,,,,,
2013-12-26,29.55,,,,,2.2163265306122453,13.332872928176794,,,,,,,
2013-12-27,29.61,,,,,2.215918367346939,13.362405599557928,,,,,,,
2013-12-30,29.43,,,,,2.2146938775510208,13.2885182454847,,,,,,,
2013-12-31,29.4,,,,,2.2142857142857144,13.277419354838708,,,,,,,
2014-01-02,29.18,,,,,2.213469387755102,13.182924580490502,,,,,,,
2014-01-03,29.18,,,,,2.2130612244897963,13.18535595721136,,,,,,,
2014-01-06,28.55,,,,,2.2118367346938776,12.907824321830596,,,,,,,
2014-01-07,28.99,,,,,2.211428571428572,13.109173126614982,,,,,,,
2014-01-08,29.03,,,,,2.2110204081632654,13.129684327118332,,,,,,,
2014-01-09,29.3,,,,,2.2106122448979595,13.25424667651403,,,,,,,
2014-01-10,29.93,,,,,2.210204081632653,13.541735918744228,,,,,,,
2014-01-13,29.42,,,,,2.208979591836735,13.318366592756837,,,,,,,
2014-01-14,29.64,,,,,2.2085714285714286,13.420439844760672,,,,,,,
2014-01-15,30.56,,,,,2.2081632653061227,13.83955637707948,,,,,,,
2014-01-16,30.96,,,,,2.2077551020408164,14.023294509151414,,,,,,,
2014-01-17,31.07,,,,,2.2073469387755105,14.075721153846152,,,,,,,
2014-01-21,31.46,,,,,2.205714285714286,14.262953367875646,,,,,,,
2014-01-22,32.0,,,,,2.20530612244898,14.510457153433276,,,,,,,
2014-01-23,31.76,,,,,2.2048979591836737,14.404294705664569,,,,,,,
2014-01-24,30.62,,,,,2.204489795918368,13.889835215700794,,,,,,,
2014-01-27,30.05,,,,,2.203265306122449,13.638847721378289,,,,,,,
2014-01-28,30.1,,,,,2.202857142857143,13.66407263294423,,,,,,,
2014-01-29,30.15,,,,,2.202448979591837,13.68930689399555,,,,,,,
2014-01-30,30.34,,,,,2.2020408163265306,13.778127896200186,,,,,,,
2014-01-31,29.96,,,,,2.2016326530612247,13.608083055246569,,,,,,,
2014-02-03,28.82,,,,,2.200408163265306,13.097570024114264,,,,,,,
2014-02-04,28.86,2014-02-04,2.2,0.0,actual,2.2,13.118181818181816,,,,,,,
2014-02-05,26.92,,,,,2.200439560439561,12.233919296843789,,,,,,,
2014-02-06,27.03,,,,,2.200879120879121,12.281455961653684,,,,,,,
2014-02-07,26.88,,,,,2.2013186813186816,12.210862619808305,,,,,,,
2014-02-10,26.56,,,,,2.202637362637363,12.05827180203552,,,,,,,
2014-02-11,26.78,,,,,2.203076923076923,12.15572625698324,,,,,,,
2014-02-12,26.56,,,,,2.203516483516484,12.053461001396364,,,,,,,
2014-02-13,26.85,,,,,2.203956043956044,12.182638611886718,,,,,,,
2014-02-14,26.84,,,,,2.204395604395605,12.175672981056826,,,,,,,
2014-02-18,27.05,,,,,2.206153846153846,12.26115760111576,,,,,,,
2014-02-19,26.6,,,,,2.2065934065934067,12.054780876494023,,,,,,,
2014-02-20,26.73,,,,,2.207032967032968,12.11128261302529,,,,,,,
2014-02-21,26.62,,,,,2.2074725274725275,12.059040223018718,,,,,,,
2014-02-24,27.31,,,,,2.208791208791209,12.364228855721391,,,,,,,
2014-02-25,27.33,,,,,2.2092307692307696,12.370821727019496,,,,,,,
2014-02-26,27.52,,,,,2.2096703296703297,12.454346528744775,,,,,,,
2014-02-27,27.72,,,,,2.2101098901098903,12.542362768496416,,,,,,,
2014-02-28,28.0,,,,,2.210549450549451,12.666534102207196,,,,,,,
2014-03-03,27.56,,,,,2.211868131868132,12.460055643879173,,,,,,,
2014-03-04,28.24,,,,,2.2123076923076925,12.764951321279552,,,,,,,
2014-03-05,28.22,,,,,2.212747252747253,12.753377036154149,,,,,,,
2014-03-06,28.23,,,,,2.2131868131868133,12.755362462760674,,,,,,,
2014-03-07,28.38,,,,,2.213626373626374,12.820591739475772,,,,,,,
2014-03-10,28.48,,,,,2.214945054945056,12.858106767215713,,,,,,,
2014-03-11,28.01,,,,,2.2153846153846155,12.643402777777778,,,,,,,
2014-03-12,27.92,,,,,2.215824175824176,12.600277722674072,,,,,,,
2014-03-13,27.28,,,,,2.2162637362637363,12.309004363347878,,,,,,,
2014-03-14,26.99,,,,,2.216703296703297,12.175738647630377,,,,,,,
2014-03-17,27.11,,,,,2.2180219780219783,12.222602061038444,,,,,,,
2014-03-18,27.72,,,,,2.2184615384615385,12.49514563106796,,,,,,,
2014-03-19,26.96,,,,,2.218901098901099,12.150158478605388,,,,,,,
2014-03-20,26.95,,,,,2.21934065934066,12.143246187363829,,,,,,,
2014-03-21,27.3,,,,,2.21978021978022,12.298514851485148,,,,,,,
2014-03-24,26.61,,,,,2.2210989010989013,11.980556105283988,,,,,,,
2014-03-25,26.43,,,,,2.221538461538462,11.897160664819944,,,,,,,
2014-03-26,25.81,,,,,2.221978021978022,11.615776458951531,,,,,,,
2014-03-27,26.01,,,,,2.2224175824175827,11.70347112341772,,,,,,,
2014-03-28,25.69,,,,,2.222857142857143,11.55719794344473,,,,,,,
2014-03-31,26.04,,,,,2.2241758241758243,11.707707509881422,,,,,,,
2014-04-01,26.3,,,,,2.224615384615385,11.822268326417705,,,,,,,
2014-04-02,26.57,,,,,2.225054945054945,11.941278150928486,,,,,,,
2014-04-03,26.15,,,,,2.2254945054945057,11.750197511356902,,,,,,,
2014-04-04,25.65,,,,,2.2259340659340663,11.523252369668244,,,,,,,
2014-04-07,25.67,,,,,2.2272527472527472,11.525409512532072,,,,,,,
2014-04-08,26.455,,,,,2.227692307692308,11.875517955801104,,,,,,,
2014-04-09,27.06,,,,,2.2281318681318685,12.14470309725784,,,,,,,
2014-04-10,26.89,,,,,2.2285714285714286,12.06602564102564,,,,,,,
2014-04-11,25.74,,,,,2.2290109890109893,11.547722342733186,,,,,,,
2014-04-14,25.74,,,,,2.2303296703296707,11.5408947575877,,,,,,,
2014-04-15,26.15,,,,,2.230769230769231,11.722413793103447,,,,,,,
2014-04-16,26.67,,,,,2.2312087912087915,11.953161938534278,,,,,,,
2014-04-17,26.95,,,,,2.231648351648352,12.076275359464248,,,,,,,
2014-04-21,27.035,,,,,2.2334065934065936,12.1048268057469,,,,,,,
2014-04-22,27.15,,,,,2.2338461538461543,12.153925619834707,,,,,,,
2014-04-23,26.91,,,,,2.2342857142857144,12.044117647058822,,,,,,,
2014-04-24,26.57,,,,,2.234725274725275,11.88960464201416,,,,,,,
2014-04-25,26.06,,,,,2.235164835164835,11.659095378564404,,,,,,,
2014-04-28,25.99,,,,,2.2364835164835166,11.620921776729558,,,,,,,
2014-04-29,25.74,,,,,2.236923076923077,11.50687757909216,,,,,,,
2014-04-30,26.36,,,,,2.2373626373626374,11.78172888015717,,,,,,,
2014-05-01,26.07,,,,,2.237802197802198,11.649823217442544,,,,,,,
2014-05-02,26.98,,,,,2.238241758241758,12.05410447761194,,,,,,,
2014-05-05,26.94,,,,,2.23956043956044,12.029146221786062,,,,,,,
2014-05-06,27.0,2014-05-06,2.24,0.0,actual,2.24,12.053571428571429,,,,,,,
2014-05-07,25.87,,,,,2.239418604651163,11.55210550911262,,,,,,,
2014-05-08,25.99,,,,,2.238837209302326,11.60870468474083,,,,,,,
2014-05-09,26.21,,,,,2.2382558139534887,11.710010909657644,,,,,,,
2014-05-12,26.83,,,,,2.2365116279069768,11.99636061141728,,,,,,,
2014-05-13,25.99,,,,,2.23593023255814,11.623797389359815,,,,,,,
2014-05-14,25.42,,,,,2.2353488372093024,11.371826883062838,,,,,,,
2014-05-15,25.0,,,,,2.2347674418604653,11.186846349966178,,,,,,,
2014-05-16,25.235,,,,,2.234186046511628,11.29494118871656,,,,,,,
2014-05-19,25.355,,,,,2.2324418604651166,11.357518620761496,,,,,,,
2014-05-20,24.93,,,,,2.2318604651162794,11.17005314160675,,,,,,,
2014-05-21,25.21,,,,,2.2312790697674423,11.298452238261502,,,,,,,
2014-05-22,25.4,,,,,2.230697674418605,11.386572143452874,,,,,,,
2014-05-23,25.82,,,,,2.2301162790697675,11.577871630429115,,,,,,,
2014-05-27,26.39,,,,,2.227790697674419,11.845816587504569,,,,,,,
2014-05-28,26.35,,,,,2.2272093023255817,11.830949149002818,,,,,,,
2014-05-29,26.33,,,,,2.2266279069767445,11.825056138701758,,,,,,,
2014-05-30,26.27,,,,,2.226046511627908,11.80119097367321,,,,,,,
2014-06-02,25.68,,,,,2.2243023255813954,11.54519316221444,,,,,,,
2014-06-03,25.54,,,,,2.2237209302325582,11.48525413093495,,,,,,,
2014-06-04,25.62,,,,,2.223139534883721,11.524242899733247,,,,,,,
2014-06-05,25.91,,,,,2.222558139534884,11.657737783823377,,,,,,,
2014-06-06,26.12,,,,,2.2219767441860467,11.755298550421267,,,,,,,
2014-06-09,26.13,,,,,2.2202325581395352,11.76903739394574,,,,,,,
2014-06-10,26.06,,,,,2.219651162790698,11.740583582167735,,,,,,,
2014-06-11,25.95,,,,,2.219069767441861,11.694089289457134,,,,,,,
2014-06-12,25.7,,,,,2.218488372093024,11.584464594580425,,,,,,,
2014-06-13,25.56,,,,,2.217906976744186,11.524378735451398,,,,,,,
2014-06-16,25.52,,,,,2.216162790697674,11.515399548769611,,,,,,,
2014-06-17,25.33,,,,,2.215581395348837,11.432665057205837,,,,,,,
2014-06-18,25.53,,,,,2.2150000000000003,11.525959367945823,,,,,,,
2014-06-19,25.39,,,,,2.214418604651163,11.46576349506406,,,,,,,
2014-06-20,25.51,,,,,2.213837209302326,11.5229791480645,,,,,,,
2014-06-23,25.55,,,,,2.2120930232558145,11.550147182506306,,,,,,,
2014-06-24,25.47,,,,,2.211511627906977,11.51700930648299,,,,,,,
2014-06-25,25.56,,,,,2.21093023255814,11.560744714420949,,,,,,,
2014-06-26,25.48,,,,,2.2103488372093025,11.527592193171657,,,,,,,
2014-06-27,25.74,,,,,2.2097674418604654,11.64828457166912,,,,,,,
2014-06-30,26.11,,,,,2.208023255813954,11.825056611722577,,,,,,,
2014-07-01,26.9,,,,,2.2074418604651167,12.186051411715123,,,,,,,
2014-07-02,26.82,,,,,2.2068604651162795,12.153011222930605,,,,,,,
2014-07-03,26.99,,,,,2.2062790697674424,12.233266575313584,,,,,,,
2014-07-07,26.73,,,,,2.2039534883720933,12.128205128205128,,,,,,,
2014-07-08,26.55,,,,,2.203372093023256,12.049712385877882,,,,,,,
2014-07-09,26.65,,,,,2.202790697674419,12.098289695945944,,,,,,,
2014-07-10,26.42,,,,,2.2022093023255818,11.99704313849728,,,,,,,
2014-07-11,26.41,,,,,2.2016279069767446,11.99566916657864,,,,,,,
2014-07-14,26.85,,,,,2.199883720930233,12.205190549183358,,,,,,,
2014-07-15,26.87,,,,,2.1993023255813955,12.217510838532304,,,,,,,
2014-07-16,26.78,,,,,2.1987209302325583,12.179808556771906,,,,,,,
2014-07-17,26.57,,,,,2.198139534883721,12.08749471011426,,,,,,,
2014-07-18,26.92,,,,,2.197558139534884,12.2499603153606,,,,,,,
2014-07-21,26.67,,,,,2.1958139534883725,12.145837746240202,,,,,,,
2014-07-22,26.92,,,,,2.195232558139536,12.26293765559616,,,,,,,
2014-07-23,27.13,,,,,2.194651162790698,12.361873476740486,,,,,,,
2014-07-24,26.97,,,,,2.194069767441861,12.292225343155437,,,,,,,
2014-07-25,26.71,,,,,2.193488372093024,12.176950805767596,,,,,,,
2014-07-28,26.89,,,,,2.191744186046512,12.268767573876596,,,,,,,
2014-07-29,26.64,,,,,2.1911627906976747,12.157928253024837,,,,,,,
2014-07-30,26.61,,,,,2.1905813953488376,12.147460056266254,,,,,,,
2014-07-31,26.04,2014-07-31,2.1900000000000004,0.0,actual,2.1900000000000004,11.890410958904107,,,,,,,
2014-08-01,26.96,,,,,2.1896875,12.312259169402028,,,,,,,
2014-08-04,27.03,,,,,2.18875,12.349514563106796,,,,,,,
2014-08-05,27.06,,,,,2.1884375000000005,12.36498643438526,,,,,,,
2014-08-06,27.1,,,,,2.1881250000000003,12.385032847757785,,,,,,,
2014-08-07,27.03,,,,,2.1878125,12.35480645622054,,,,,,,
2014-08-08,27.14,,,,,2.1875000000000004,12.40685714285714,,,,,,,
2014-08-11,27.5,,,,,2.1865625000000004,12.576818636558524,,,,,,,
2014-08-12,27.54,,,,,2.18625,12.596912521440824,,,,,,,
2014-08-13,27.44,,,,,2.1859375000000005,12.552966404574692,,,,,,,
2014-08-14,27.45,,,,,2.1856250000000004,12.55933657420646,,,,,,,
2014-08-15,27.39,,,,,2.1853125,12.533676533676532,,,,,,,
2014-08-18,27.92,,,,,2.184375,12.781688125894137,,,,,,,
2014-08-19,27.94,,,,,2.1840625000000005,12.792674202317926,,,,,,,
2014-08-20,27.6,,,,,2.1837500000000003,12.638809387521464,,,,,,,
2014-08-21,28.19,,,,,2.1834375,12.910834406755402,,,,,,,
2014-08-22,28.21,,,,,2.1831250000000004,12.921843687374748,,,,,,,
2014-08-25,28.28,,,,,2.1821875000000004,12.9594730058714,,,,,,,
2014-08-26,28.25,,,,,2.181875,12.947579490117446,,,,,,,
2014-08-27,27.63,,,,,2.1815625000000005,12.665234207133643,,,,,,,
2014-08-28,27.66,,,,,2.1812500000000004,12.680802292263609,,,,,,,
2014-08-29,27.72,,,,,2.1809375,12.71013039117352,,,,,,,
2014-09-02,27.67,,,,,2.1796875000000004,12.694480286738347,,,,,,,
2014-09-03,27.4,,,,,2.1793750000000003,12.57241181531402,,,,,,,
2014-09-04,27.5,,,,,2.1790625,12.620106123619674,,,,,,,
2014-09-05,27.41,,,,,2.1787500000000004,12.580608146873203,,,,,,,
2014-09-08,27.34,,,,,2.1778125000000004,12.55388147510403,,,,,,,
2014-09-09,26.82,,,,,2.1775,12.316877152698048,,,,,,,
2014-09-10,27.1,,,,,2.1771875000000005,12.447251327687669,,,,,,,
2014-09-11,26.92,,,,,2.1768750000000003,12.366350846971,,,,,,,
2014-09-12,26.6,,,,,2.1765625,12.22110552763819,,,,,,,
2014-09-15,26.42,,,,,2.175625,12.143636885952311,,,,,,,
2014-09-16,26.52,,,,,2.1753125000000004,12.19135181726763,,,,,,,
2014-09-17,26.8,,,,,2.1750000000000003,12.32183908045977,,,,,,,
2014-09-18,26.99,,,,,2.1746875,12.410978588877713,,,,,,,
2014-09-19,27.0,,,,,2.1743750000000004,12.41736131072147,,,,,,,
2014-09-22,26.82,,,,,2.1734375000000004,12.339899352983464,,,,,,,
2014-09-23,26.56,,,,,2.173125,12.222030486051192,,,,,,,
2014-09-24,26.76,,,,,2.1728125,12.31583489141378,,,,,,,
2014-09-25,26.6,,,,,2.1725000000000003,12.243958573072495,,,,,,,
2014-09-26,26.67,,,,,2.1721875,12.277945619335346,,,,,,,
2014-09-29,26.41,,,,,2.17125,12.16350028785262,,,,,,,
2014-09-30,26.28,,,,,2.1709375000000004,12.10536922412552,,,,,,,
2014-10-01,26.44,,,,,2.170625,12.180823495537002,,,,,,,
2014-10-02,26.36,,,,,2.1703125,12.145716342692584,,,,,,,
2014-10-03,26.36,,,,,2.1700000000000004,12.147465437788016,,,,,,,
2014-10-06,26.3,,,,,2.1690625000000003,12.12505402679729,,,,,,,
2014-10-07,26.0,,,,,2.16875,11.988472622478383,,,,,,,
2014-10-08,26.49,,,,,2.1684375,12.216169476869863,,,,,,,
2014-10-09,25.9,,,,,2.1681250000000003,11.94580570769674,,,,,,,
2014-10-10,25.69,,,,,2.1678125,11.850655903128152,,,,,,,
2014-10-13,25.86,,,,,2.166875,11.934237092587251,,,,,,,
2014-10-14,25.8,,,,,2.1665625000000004,11.908264820424057,,,,,,,
2014-10-15,25.22,,,,,2.16625,11.642238892094634,,,,,,,
2014-10-16,25.66,,,,,2.1659375,11.847063915740874,,,,,,,
2014-10-17,25.5,,,,,2.1656250000000004,11.774891774891772,,,,,,,
2014-10-20,25.52,,,,,2.1646875000000003,11.7892305471344,,,,,,,
2014-10-21,25.75,,,,,2.164375,11.897198960438924,,,,,,,
2014-10-22,25.33,,,,,2.1640625,11.704837545126352,,,,,,,
2014-10-23,25.47,,,,,2.1637500000000003,11.771230502599652,,,,,,,
2014-10-24,25.42,,,,,2.1634375,11.74981944243825,,,,,,,
2014-10-27,25.31,,,,,2.1625,11.704046242774565,,,,,,,
2014-10-28,26.12,,,,,2.1621875000000004,12.080358433299608,,,,,,,
2014-10-29,26.37,,,,,2.161875,12.19774501300954,,,,,,,
2014-10-30,26.11,,,,,2.1615625,12.079225097585658,,,,,,,
2014-10-31,26.51,,,,,2.1612500000000003,12.26604973973395,,,,,,,
2014-11-03,26.55,,,,,2.1603125000000003,12.28988861565167,,,,,,,
2014-11-04,26.24,2014-11-04,2.16,0.0,actual,2.16,12.148148148148149,,,,,,,
2014-11-05,25.71,,,,,2.1597826086956524,11.903975842979364,,,,,,,
2014-11-06,25.7,,,,,2.1595652173913047,11.900543587678676,,,,,,,
2014-11-07,25.58,,,,,2.1593478260869565,11.846169334541427,,,,,,,
2014-11-10,25.75,,,,,2.1586956521739133,11.928499496475323,,,,,,,
2014-11-11,25.69,,,,,2.158478260869565,11.90190351495619,,,,,,,
2014-11-12,25.8,,,,,2.158260869565217,11.95406929895246,,,,,,,
2014-11-13,25.82,,,,,2.1580434782608697,11.964541150397904,,,,,,,
2014-11-14,25.65,,,,,2.157826086956522,11.886963530122909,,,,,,,
2014-11-17,25.28,,,,,2.1571739130434784,11.719036581678928,,,,,,,
2014-11-18,25.44,,,,,2.1569565217391307,11.794396291070347,,,,,,,
2014-11-19,25.16,,,,,2.156739130434783,11.665759500050395,,,,,,,
2014-11-20,25.26,,,,,2.1565217391304348,11.713306451612905,,,,,,,
2014-11-21,25.25,,,,,2.156304347826087,11.709849783244278,,,,,,,
2014-11-24,25.62,,,,,2.1556521739130434,11.885034288019364,,,,,,,
2014-11-25,25.47,,,,,2.155434782608696,11.816641452344928,,,,,,,
2014-11-26,25.49,,,,,2.155217391304348,11.827113173290297,,,,,,,
2014-11-28,25.12,,,,,2.1547826086956525,11.65778853914447,,,,,,,
2014-12-01,25.28,,,,,2.154130434782609,11.735593904531234,,,,,,,
2014-12-02,25.43,,,,,2.153913043478261,11.80641905530884,,,,,,,
2014-12-03,25.55,,,,,2.153695652173913,11.863328959321692,,,,,,,
2014-12-04,25.69,,,,,2.1534782608695653,11.929537653947104,,,,,,,
2014-12-05,25.69,,,,,2.1532608695652176,11.930742049469965,,,,,,,
2014-12-08,25.32,,,,,2.152608695652174,11.76247222783276,,,,,,,
2014-12-09,25.42,,,,,2.152391304347826,11.810120189879813,,,,,,,
2014-12-10,24.94,,,,,2.1521739130434785,11.588282828282829,,,,,,,
2014-12-11,25.18,,,,,2.1519565217391308,11.700979896959288,,,,,,,
2014-12-12,24.52,,,,,2.1517391304347826,11.39543342089311,,,,,,,
2014-12-15,24.55,,,,,2.1510869565217394,11.412834765032844,,,,,,,
2014-12-16,24.45,,,,,2.150869565217392,11.36749545178896,,,,,,,
2014-12-17,25.005,,,,,2.1506521739130435,11.626705751541492,,,,,,,
2014-12-18,25.4,,,,,2.150434782608696,11.811564900930042,,,,,,,
2014-12-19,25.42,,,,,2.150217391304348,11.822060459003133,,,,,,,
2014-12-22,25.32,,,,,2.1495652173913045,11.779126213592232,,,,,,,
2014-12-23,25.59,,,,,2.1493478260869567,11.905937089106908,,,,,,,
2014-12-24,25.54,,,,,2.149130434782609,11.88387618854946,,,,,,,
2014-12-26,25.5,,,,,2.148695652173913,11.867664912990692,,,,,,,
2014-12-29,25.42,,,,,2.148043478260869,11.834024896265564,,,,,,,
2014-12-30,25.36,,,,,2.1478260869565218,11.807287449392712,,,,,,,
2014-12-31,25.07,,,,,2.147608695652174,11.673448729628504,,,,,,,
2015-01-02,24.46,,,,,2.1471739130434786,11.391718133036346,,,,,,,
2015-01-05,23.93,,,,,2.146521739130435,11.148268179056108,,,,,,,
2015-01-06,23.87,,,,,2.146304347826088,11.121442317431375,,,,,,,
2015-01-07,24.3,,,,,2.146086956521739,11.32293354943274,,,,,,,
2015-01-08,24.53,,,,,2.145869565217392,11.431263296525172,,,,,,,
2015-01-09,24.8,,,,,2.145652173913044,11.558257345491386,,,,,,,
2015-01-12,25.03,,,,,2.145,11.668997668997669,,,,,,,
2015-01-13,25.36,,,,,2.1447826086956523,11.824042165011148,,,,,,,
2015-01-14,25.32,,,,,2.144565217391305,11.806588950836286,,,,,,,
2015-01-15,25.13,,,,,2.144347826086957,11.719180859691807,,,,,,,
2015-01-16,25.37,,,,,2.1441304347826087,11.832302544864646,,,,,,,
2015-01-20,25.39,,,,,2.1432608695652173,11.84643472968861,,,,,,,
2015-01-21,24.7,,,,,2.1430434782608696,11.525664434976669,,,,,,,
2015-01-22,24.82,,,,,2.142826086956522,11.582834533833823,,,,,,,
2015-01-23,25.32,,,,,2.142608695652174,11.81737012987013,,,,,,,
2015-01-26,25.34,,,,,2.1419565217391305,11.830305490713489,,,,,,,
2015-01-27,25.33,,,,,2.141739130434783,11.826837190418187,,,,,,,
2015-01-28,25.07,,,,,2.141521739130435,11.706628768652926,,,,,,,
2015-01-29,25.27,,,,,2.141304347826087,11.801218274111676,,,,,,,
2015-01-30,24.52,,,,,2.141086956521739,11.452127119504516,,,,,,,
2015-02-02,24.91,,,,,2.140434782608696,11.63782246597603,,,,,,,
2015-02-03,25.31,,,,,2.140217391304348,11.825901472828846,,,,,,,
2015-02-04,27.09,2015-02-04,2.14,0.0,actual,2.14,12.658878504672897,,,,,,,
2015-02-05,28.99,,,,,2.139888888888889,13.547432369281893,,,,,,,
2015-02-06,29.51,,,,,2.139777777777778,13.791151729151522,,,,,,,
2015-02-09,29.7,,,,,2.1394444444444445,13.882108543235525,,,,,,,
2015-02-10,29.76,,,,,2.139333333333333,13.910875662200064,,,,,,,
2015-02-11,29.99,,,,,2.139222222222222,14.019113904326598,,,,,,,
2015-02-12,30.38,,,,,2.139111111111111,14.202160814460834,,,,,,,
2015-02-13,30.35,,,,,2.139,14.188873305282844,,,,,,,
2015-02-17,30.02,,,,,2.1385555555555555,14.03751233958539,,,,,,,
2015-02-18,29.95,,,,,2.1384444444444446,14.00550763795074,,,,,,,
2015-02-19,30.12,,,,,2.1383333333333336,14.085736554949335,,,,,,,
2015-02-20,30.41,,,,,2.1382222222222222,14.22209519850343,,,,,,,
2015-02-23,30.54,,,,,2.137888888888889,14.285120315991891,,,,,,,
2015-02-24,30.6,,,,,2.137777777777778,14.313929313929313,,,,,,,
2015-02-25,30.4,,,,,2.1376666666666666,14.22111336348043,,,,,,,
2015-02-26,30.58,,,,,2.137555555555556,14.306060921093664,,,,,,,
2015-02-27,29.91,,,,,2.1374444444444447,13.993346155845504,,,,,,,
2015-03-02,29.97,,,,,2.137111111111111,14.0236040345222,,,,,,,
2015-03-03,29.65,,,,,2.137,13.87459054749649,,,,,,,
2015-03-04,30.16,,,,,2.136888888888889,14.113976705490847,,,,,,,
2015-03-05,30.1,,,,,2.1367777777777777,14.086630960428476,,,,,,,
2015-03-06,30.18,,,,,2.1366666666666667,14.124804992199689,,,,,,,
2015-03-09,29.81,,,,,2.1363333333333334,13.953814947729754,,,,,,,
2015-03-10,29.36,,,,,2.1362222222222225,13.743888484344115,,,,,,,
2015-03-11,29.18,,,,,2.136111111111111,13.66033810143043,,,,,,,
2015-03-12,29.63,,,,,2.136,13.871722846441946,,,,,,,
2015-03-13,29.28,,,,,2.1358888888888887,13.708578265619312,,,,,,,
2015-03-16,29.54,,,,,2.1355555555555554,13.832466181061395,,,,,,,
2015-03-17,29.47,,,,,2.1354444444444445,13.800405848379206,,,,,,,
2015-03-18,29.67,,,,,2.135333333333333,13.89478613799563,,,,,,,
2015-03-19,30.0,,,,,2.135222222222222,14.05005984284748,,,,,,,
2015-03-20,30.21,,,,,2.135111111111111,14.14914654454621,,,,,,,
2015-03-23,30.28,,,,,2.134777777777778,14.184146151043564,,,,,,,
2015-03-24,30.29,,,,,2.1346666666666665,14.1895690193629,,,,,,,
2015-03-25,29.79,,,,,2.1345555555555555,13.956066836708136,,,,,,,
2015-03-26,29.79,,,,,2.1344444444444446,13.956793336803749,,,,,,,
2015-03-27,29.94,,,,,2.134333333333333,14.027799468998907,,,,,,,
2015-03-30,30.19,,,,,2.134,14.14714151827554,,,,,,,
2015-03-31,30.39,,,,,2.133888888888889,14.241603749023692,,,,,,,
2015-04-01,30.59,,,,,2.1337777777777776,14.336075817538015,,,,,,,
2015-04-02,30.66,,,,,2.1336666666666666,14.36962974535229,,,,,,,
2015-04-06,30.66,,,,,2.1332222222222224,14.372623574144486,,,,,,,
2015-04-07,30.53,,,,,2.133111111111111,14.31242837795604,,,,,,,
2015-04-08,30.57,,,,,2.133,14.331926863572432,,,,,,,
2015-04-09,30.35,,,,,2.132888888888889,14.229526984788498,,,,,,,
2015-04-10,30.63,,,,,2.1327777777777777,14.361552487626987,,,,,,,
2015-04-13,30.72,,,,,2.1324444444444444,14.4060025010421,,,,,,,
2015-04-14,30.85,,,,,2.1323333333333334,14.467719243395342,,,,,,,
2015-04-15,30.63,,,,,2.132222222222222,14.36529442417926,,,,,,,
2015-04-16,30.36,,,,,2.132111111111111,14.239407994163322,,,,,,,
2015-04-17,29.98,,,,,2.132,14.061913696060037,,,,,,,
2015-04-20,30.14,,,,,2.131666666666667,14.1391712275215,,,,,,,
2015-04-21,30.13,,,,,2.1315555555555554,14.135216847372812,,,,,,,
2015-04-22,29.98,,,,,2.1314444444444445,14.065578897982588,,,,,,,
2015-04-23,29.87,,,,,2.131333333333333,14.0147012824523,,,,,,,
2015-04-24,29.82,,,,,2.131222222222222,13.9919712215213,,,,,,,
2015-04-27,29.64,,,,,2.130888888888889,13.909688184377934,,,,,,,
2015-04-28,30.16,,,,,2.130777777777778,14.15445585858059,,,,,,,
2015-04-29,29.93,,,,,2.1306666666666665,14.047246558197749,,,,,,,
2015-04-30,29.12,,,,,2.1305555555555555,13.667796610169493,,,,,,,
2015-05-01,29.3,,,,,2.130444444444444,13.752998852612915,,,,,,,
2015-05-04,28.99,,,,,2.130111111111111,13.609618694903762,,,,,,,
2015-05-05,29.1,2015-05-05,2.13,0.0,actual,2.13,13.661971830985918,,,,,,,
2015-05-06,29.95,,,,,2.1309782608695653,14.0545779137975,,,,,,,
2015-05-07,30.39,,,,,2.1319565217391303,14.254512083205874,,,,,,,
2015-05-08,30.57,,,,,2.132934782608696,14.332365081791773,,,,,,,
2015-05-11,30.5,,,,,2.135869565217391,14.279898218829516,,,,,,,
2015-05-12,30.35,,,,,2.136847826086957,14.203163945266796,,,,,,,
2015-05-13,30.12,,,,,2.137826086956521,14.089078706528376,,,,,,,
2015-05-14,30.5,,,,,2.138804347826087,14.260303908116075,,,,,,,
2015-05-15,30.14,,,,,2.139782608695652,14.085543025500357,,,,,,,
2015-05-18,30.51,,,,,2.142717391304348,14.238928625779945,,,,,,,
2015-05-19,30.88,,,,,2.143695652173913,14.405029915830038,,,,,,,
2015-05-20,30.93,,,,,2.144673913043478,14.42177284476205,,,,,,,
2015-05-21,30.81,,,,,2.145652173913044,14.35927051671732,,,,,,,
2015-05-22,30.03,,,,,2.1466304347826086,13.989366550205077,,,,,,,
2015-05-26,29.75,,,,,2.150543478260869,13.833712408390198,,,,,,,
2015-05-27,30.48,,,,,2.151521739130435,14.166717187026372,,,,,,,
2015-05-28,31.12,,,,,2.1525,14.457607433217191,,,,,,,
2015-05-29,31.19,,,,,2.1534782608695653,14.48354532606501,,,,,,,
2015-06-01,32.08,,,,,2.1564130434782607,14.876556278038208,,,,,,,
2015-06-02,31.92,,,,,2.157391304347826,14.795646916565902,,,,,,,
2015-06-03,32.54,,,,,2.158369565217391,15.076194792768296,,,,,,,
2015-06-04,32.25,,,,,2.1593478260869565,14.935064935064934,,,,,,,
2015-06-05,32.57,,,,,2.160326086956522,15.076427672955974,,,,,,,
2015-06-08,31.66,,,,,2.1632608695652173,14.635313033865945,,,,,,,
2015-06-09,31.58,,,,,2.1642391304347828,14.591733212796944,,,,,,,
2015-06-10,32.15,,,,,2.165217391304348,14.848393574297186,,,,,,,
2015-06-11,32.16,,,,,2.166195652173913,14.846304380550952,,,,,,,
2015-06-12,31.99,,,,,2.167173913043478,14.761159594743706,,,,,,,
2015-06-15,31.59,,,,,2.170108695652174,14.55687453042825,,,,,,,
2015-06-16,31.77,,,,,2.171086956521739,14.633223190147191,,,,,,,
2015-06-17,31.38,,,,,2.1720652173913044,14.447080018015312,,,,,,,
2015-06-18,31.58,,,,,2.1730434782608694,14.532613045218088,,,,,,,
2015-06-19,31.62,,,,,2.174021739130435,14.544472776361182,,,,,,,
2015-06-22,31.58,,,,,2.1769565217391307,14.506490912722189,,,,,,,
2015-06-23,31.95,,,,,2.177934782608696,14.66986075759844,,,,,,,
2015-06-24,31.81,,,,,2.178913043478261,14.599022248827694,,,,,,,
2015-06-25,32.06,,,,,2.179891304347826,14.70715532286213,,,,,,,
2015-06-26,32.18,,,,,2.1808695652173915,14.755582137161085,,,,,,,
2015-06-29,31.58,,,,,2.183804347826087,14.461002438902993,,,,,,,
2015-06-30,31.66,,,,,2.1847826086956523,14.491144278606964,,,,,,,
2015-07-01,32.14,,,,,2.1857608695652173,14.704261773335324,,,,,,,
2015-07-02,31.79,,,,,2.1867391304347827,14.5376279948305,,,,,,,
2015-07-06,31.62,,,,,2.190652173913044,14.434057755284307,,,,,,,
2015-07-07,31.3,,,,,2.191630434782609,14.28160491990279,,,,,,,
2015-07-08,30.71,,,,,2.192608695652174,14.006147134642076,,,,,,,
2015-07-09,31.5,,,,,2.1935869565217394,14.360041623309051,,,,,,,
2015-07-10,31.66,,,,,2.1945652173913044,14.426547795938584,,,,,,,
2015-07-13,31.64,,,,,2.1975,14.398179749715588,,,,,,,
2015-07-14,31.87,,,,,2.198478260869565,14.496390784139226,,,,,,,
2015-07-15,31.55,,,,,2.19945652173913,14.344452680998272,,,,,,,
2015-07-16,31.94,,,,,2.200434782608696,14.515313179213592,,,,,,,
2015-07-17,31.6,,,,,2.201413043478261,14.354416629635114,,,,,,,
2015-07-20,31.42,,,,,2.2043478260869565,14.253648915187378,,,,,,,
2015-07-21,31.19,,,,,2.205326086956522,14.14303317068362,,,,,,,
2015-07-22,31.51,,,,,2.206304347826088,14.28180116267612,,,,,,,
2015-07-23,30.92,,,,,2.2072826086956523,14.0081745211011,,,,,,,
2015-07-24,30.52,,,,,2.2082608695652177,13.820830872218938,,,,,,,
2015-07-27,30.45,,,,,2.211195652173913,13.770830261023448,,,,,,,
2015-07-28,30.47,,,,,2.2121739130434785,13.77378144654088,,,,,,,
2015-07-29,30.74,,,,,2.2131521739130435,13.889691076076812,,,,,,,
2015-07-30,30.91,,,,,2.214130434782609,13.960333824251348,,,,,,,
2015-07-31,31.1,,,,,2.215108695652174,14.039943078659403,,,,,,,
2015-08-03,30.72,,,,,2.21804347826087,13.850044104675094,,,,,,,
2015-08-04,30.58,,,,,2.2190217391304348,13.7808474161156,,,,,,,
2015-08-05,30.69,2015-08-05,2.22,0.0,actual,2.22,13.824324324324325,,,,,,,
2015-08-06,32.67,,,,,2.2225274725274726,14.69948084054388,,,,,,,
2015-08-07,31.85,,,,,2.225054945054945,14.314253259581196,,,,,,,
2015-08-10,31.99,,,,,2.232637362637363,14.328345720332724,,,,,,,
2015-08-11,31.7,,,,,2.235164835164835,14.182399213372664,,,,,,,
2015-08-12,31.71,,,,,2.237692307692308,14.17084908903403,,,,,,,
2015-08-13,31.55,,,,,2.2402197802197805,14.083439615422346,,,,,,,
2015-08-14,31.91,,,,,2.242747252747253,14.228085648488412,,,,,,,
2015-08-17,32.28,,,,,2.2503296703296707,14.344564898915907,,,,,,,
2015-08-18,32.06,,,,,2.252857142857143,14.230818008877614,,,,,,,
2015-08-19,31.84,,,,,2.2553846153846155,14.11732605729877,,,,,,,
2015-08-20,31.44,,,,,2.257912087912088,13.924368520951964,,,,,,,
2015-08-21,31.06,,,,,2.260439560439561,13.74069032571706,,,,,,,
2015-08-24,30.4,,,,,2.268021978021978,13.403750181694848,,,,,,,
2015-08-25,29.99,,,,,2.2705494505494506,13.208256703126512,,,,,,,
2015-08-26,30.03,,,,,2.2730769230769234,13.211167512690354,,,,,,,
2015-08-27,30.46,,,,,2.275604395604396,13.385454896658295,,,,,,,
2015-08-28,31.14,,,,,2.2781318681318683,13.669094592639045,,,,,,,
2015-08-31,30.91,,,,,2.285714285714286,13.523125,,,,,,,
2015-09-01,30.18,,,,,2.2882417582417585,13.189165826249818,,,,,,,
2015-09-02,30.47,,,,,2.290769230769231,13.301208865010071,,,,,,,
2015-09-03,30.59,,,,,2.293296703296704,13.33887584455412,,,,,,,
2015-09-04,29.64,,,,,2.295824175824176,12.91039632395175,,,,,,,
2015-09-08,30.04,,,,,2.305934065934066,13.027258863896302,,,,,,,
2015-09-09,29.74,,,,,2.308461538461539,12.88303898700433,,,,,,,
2015-09-10,29.82,,,,,2.310989010989011,12.903566333808843,,,,,,,
2015-09-11,29.98,,,,,2.313516483516484,12.958628224006077,,,,,,,
2015-09-14,29.89,,,,,2.3210989010989014,12.877521068080672,,,,,,,
2015-09-15,30.32,,,,,2.323626373626374,13.04856940174982,,,,,,,
2015-09-16,30.61,,,,,2.3261538461538462,13.159060846560848,,,,,,,
2015-09-17,30.87,,,,,2.3286813186813187,13.256429616346562,,,,,,,
2015-09-18,30.42,,,,,2.3312087912087915,13.049024229282548,,,,,,,
2015-09-21,30.83,,,,,2.338791208791209,13.182023211013483,,,,,,,
2015-09-22,30.4,,,,,2.3413186813186817,12.984135924152818,,,,,,,
2015-09-23,30.41,,,,,2.343846153846154,12.974401050213324,,,,,,,
2015-09-24,30.31,,,,,2.3463736263736266,12.917806294492316,,,,,,,
2015-09-25,30.63,,,,,2.348901098901099,13.040140350877191,,,,,,,
2015-09-28,30.4,,,,,2.3564835164835167,12.90057825032643,,,,,,,
2015-09-29,30.25,,,,,2.359010989010989,12.823170447663855,,,,,,,
2015-09-30,30.8,,,,,2.3615384615384616,13.042345276872965,,,,,,,
2015-10-01,31.1,,,,,2.3640659340659345,13.15530144563752,,,,,,,
2015-10-02,31.21,,,,,2.366593406593407,13.187732169390786,,,,,,,
2015-10-05,31.57,,,,,2.374175824175824,13.29724600786855,,,,,,,
2015-10-06,31.78,,,,,2.376703296703297,13.37146291843906,,,,,,,
2015-10-07,31.79,,,,,2.379230769230769,13.36146136437116,,,,,,,
2015-10-08,31.95,,,,,2.381758241758242,13.41445972132509,,,,,,,
2015-10-09,32.25,,,,,2.3842857142857143,13.526063511084482,,,,,,,
2015-10-12,32.58,,,,,2.391868131868132,13.621152255811817,,,,,,,
2015-10-13,31.92,,,,,2.3943956043956045,13.331130386892468,,,,,,,
2015-10-14,31.63,,,,,2.396923076923077,13.196084724005134,,,,,,,
2015-10-15,32.01,,,,,2.39945054945055,13.34055415617128,,,,,,,
2015-10-16,32.0,,,,,2.4019780219780222,13.322353371763198,,,,,,,
2015-10-19,32.55,,,,,2.4095604395604395,13.508687919003966,,,,,,,
2015-10-20,32.21,,,,,2.4120879120879124,13.353576309794986,,,,,,,
2015-10-21,31.91,,,,,2.414615384615385,13.215355208665178,,,,,,,
2015-10-22,32.67,,,,,2.4171428571428573,13.51595744680851,,,,,,,
2015-10-23,32.88,,,,,2.4196703296703297,13.588628003088242,,,,,,,
2015-10-26,32.7,,,,,2.4272527472527474,13.472021006881564,,,,,,,
2015-10-27,32.43,,,,,2.42978021978022,13.34688616525711,,,,,,,
2015-10-28,33.55,,,,,2.4323076923076927,13.793485135989876,,,,,,,
2015-10-29,33.57,,,,,2.434835164835165,13.787380963126775,,,,,,,
2015-10-30,33.52,,,,,2.4373626373626376,13.752569882777276,,,,,,,
2015-11-02,33.77,,,,,2.444945054945056,13.812171333543075,,,,,,,
2015-11-03,34.06,,,,,2.447472527472528,13.91639727011494,,,,,,,
2015-11-04,33.67,2015-11-04,2.45,0.0,actual,2.45,13.742857142857142,,,,,,,
2015-11-05,37.93,,,,,2.4517582417582418,15.47053023172426,,,,,,,
2015-11-06,37.05,,,,,2.453516483516484,15.100774846598284,,,,,,,
2015-11-09,37.21,,,,,2.458791208791209,15.13345251396648,,,,,,,
2015-11-10,37.11,,,,,2.460549450549451,15.08199723103032,,,,,,,
2015-11-11,35.78,,,,,2.4623076923076925,14.531084036238674,,,,,,,
2015-11-12,35.19,,,,,2.464065934065934,14.281273692191052,,,,,,,
2015-11-13,35.42,,,,,2.465824175824176,14.364365613440883,,,,,,,
2015-11-16,35.62,,,,,2.4710989010989013,14.41463956952906,,,,,,,
2015-11-17,35.62,,,,,2.472857142857143,14.404390525707685,,,,,,,
2015-11-18,35.56,,,,,2.474615384615385,14.369909853901149,,,,,,,
2015-11-19,35.29,,,,,2.4763736263736265,14.250676725094296,,,,,,,
2015-11-20,35.53,,,,,2.4781318681318685,14.337412975034365,,,,,,,
2015-11-23,35.74,,,,,2.4834065934065936,14.391521748749945,,,,,,,
2015-11-24,35.85,,,,,2.485164835164835,14.425602476232587,,,,,,,
2015-11-25,35.78,,,,,2.486923076923077,14.387256418187444,,,,,,,
2015-11-27,35.99,,,,,2.490439560439561,14.451264175087143,,,,,,,
2015-11-30,35.73,,,,,2.495714285714286,14.316542644533484,,,,,,,
2015-12-01,35.75,,,,,2.497472527472528,14.31447177366128,,,,,,,
2015-12-02,35.61,,,,,2.4992307692307696,14.24838411819021,,,,,,,
2015-12-03,35.21,,,,,2.500989010989011,14.078430511006632,,,,,,,
2015-12-04,35.51,,,,,2.502747252747253,14.188408342480788,,,,,,,
2015-12-07,35.16,,,,,2.5080219780219783,14.019015905008102,,,,,,,
2015-12-08,34.51,,,,,2.50978021978022,13.750207977582203,,,,,,,
2015-12-09,34.42,,,,,2.511538461538462,13.704747320061257,,,,,,,
2015-12-10,34.47,,,,,2.5132967032967035,13.7150539985134,,,,,,,
2015-12-11,34.17,,,,,2.515054945054945,13.586184296762356,,,,,,,
2015-12-14,34.72,,,,,2.5203296703296707,13.775975583169826,,,,,,,
2015-12-15,35.46,,,,,2.5220879120879123,14.05977953030369,,,,,,,
2015-12-16,35.39,,,,,2.5238461538461543,14.022249314233465,,,,,,,
2015-12-17,34.4,,,,,2.525604395604396,13.620502110255403,,,,,,,
2015-12-18,33.87,,,,,2.527362637362637,13.401321796599854,,,,,,,
2015-12-21,34.64,,,,,2.532637362637363,13.677441749468477,,,,,,,
2015-12-22,34.85,,,,,2.5343956043956046,13.75081299050427,,,,,,,
2015-12-23,35.71,,,,,2.536153846153846,14.08037609948438,,,,,,,
2015-12-24,35.93,,,,,2.537912087912088,14.157306776358515,,,,,,,
2015-12-28,35.82,,,,,2.5449450549450554,14.074960058724468,,,,,,,
2015-12-29,36.38,,,,,2.546703296703297,14.285134843581446,,,,,,,
2015-12-30,36.03,,,,,2.5484615384615386,14.137941442801086,,,,,,,
2015-12-31,35.98,,,,,2.550219780219781,14.108587926056789,,,,,,,
2016-01-04,34.93,,,,,2.557252747252748,13.659189549224353,,,,,,,
2016-01-05,34.91,,,,,2.5590109890109893,13.641989092626783,,,,,,,
2016-01-06,35.55,,,,,2.560769230769231,13.882547311504954,,,,,,,
2016-01-07,35.02,,,,,2.562527472527473,13.6661949483254,,,,,,,
2016-01-08,34.21,,,,,2.5642857142857145,13.340947075208913,,,,,,,
2016-01-11,33.6,,,,,2.56956043956044,13.076166445708418,,,,,,,
2016-01-12,33.92,,,,,2.5713186813186817,13.191674857899908,,,,,,,
2016-01-13,33.53,,,,,2.573076923076924,13.031091180866962,,,,,,,
2016-01-14,33.78,,,,,2.5748351648351653,13.119286415432544,,,,,,,
2016-01-15,33.02,,,,,2.576593406593407,12.815370836354331,,,,,,,
2016-01-19,32.87,,,,,2.583626373626374,12.722427799753303,,,,,,,
2016-01-20,34.22,,,,,2.585384615384616,13.235941684022608,,,,,,,
2016-01-21,34.33,,,,,2.5871428571428576,13.269464384318054,,,,,,,
2016-01-22,35.66,,,,,2.588901098901099,13.774183963665688,,,,,,,
2016-01-25,35.4,,,,,2.5941758241758244,13.645952471724486,,,,,,,
2016-01-26,35.25,,,,,2.5959340659340664,13.578927316598229,,,,,,,
2016-01-27,34.26,,,,,2.597692307692308,13.18862896061593,,,,,,,
2016-01-28,34.84,,,,,2.59945054945055,13.402832382160218,,,,,,,
2016-01-29,34.94,,,,,2.601208791208792,13.432216636390516,,,,,,,
2016-02-01,35.05,,,,,2.6064835164835167,13.44723639276529,,,,,,,
2016-02-02,34.29,,,,,2.6082417582417587,13.146787444701914,,,,,,,
2016-02-03,35.27,2016-02-03,2.6100000000000003,0.0,actual,2.6100000000000003,13.513409961685824,,,,,,,
2016-02-04,37.88,,,,,2.612857142857143,14.497539639147076,,,,,,,
2016-02-05,37.59,,,,,2.615714285714286,14.370835608956853,,,,,,,
2016-02-08,38.16,,,,,2.6242857142857146,14.541099618943928,,,,,,,
2016-02-09,37.46,,,,,2.627142857142857,14.25883632408918,,,,,,,
2016-02-10,37.27,,,,,2.6300000000000003,14.171102661596958,,,,,,,
2016-02-11,37.29,,,,,2.632857142857143,14.16332067281606,,,,,,,
2016-02-12,37.44,,,,,2.635714285714286,14.204878048780484,,,,,,,
2016-02-16,37.63,,,,,2.647142857142857,14.215326497571509,,,,,,,
2016-02-17,37.98,,,,,2.6500000000000004,14.33207547169811,,,,,,,
2016-02-18,37.89,,,,,2.652857142857143,14.282714054927302,,,,,,,
2016-02-19,37.6,,,,,2.655714285714286,14.158149542764926,,,,,,,
2016-02-22,38.02,,,,,2.6642857142857146,14.27024128686327,,,,,,,
2016-02-23,37.9,,,,,2.6671428571428573,14.209962506695232,,,,,,,
2016-02-24,38.13,,,,,2.6700000000000004,14.280898876404493,,,,,,,
2016-02-25,39.2,,,,,2.672857142857143,14.665954035275254,,,,,,,
2016-02-26,38.58,,,,,2.675714285714286,14.418579818473034,,,,,,,
2016-02-29,37.96,,,,,2.6842857142857146,14.141564662054282,,,,,,,
2016-03-01,38.5,,,,,2.6871428571428573,14.327485380116958,,,,,,,
2016-03-02,38.4,,,,,2.6900000000000004,14.275092936802972,,,,,,,
2016-03-03,38.25,,,,,2.692857142857143,14.204244031830235,,,,,,,
2016-03-04,38.47,,,,,2.6957142857142857,14.270800211976685,,,,,,,
2016-03-07,38.34,,,,,2.704285714285714,14.177496038034867,,,,,,,
2016-03-08,38.4,,,,,2.7071428571428573,14.184696569920844,,,,,,,
2016-03-09,40.9,,,,,2.7100000000000004,15.092250922509225,,,,,,,
2016-03-10,36.5,,,,,2.712857142857143,13.45444971037388,,,,,,,
2016-03-11,37.59,,,,,2.7157142857142857,13.841662283008944,,,,,,,
2016-03-14,39.29,,,,,2.724285714285714,14.42212899842685,,,,,,,
2016-03-15,39.44,,,,,2.7271428571428573,14.462022001047668,,,,,,,
2016-03-16,40.42,,,,,2.7300000000000004,14.805860805860805,,,,,,,
2016-03-17,42.29,,,,,2.732857142857143,15.474647151071611,,,,,,,
2016-03-18,42.39,,,,,2.7357142857142858,15.495039164490862,,,,,,,
2016-03-21,42.21,,,,,2.7442857142857147,15.381051535658507,,,,,,,
2016-03-22,42.31,,,,,2.7471428571428573,15.40145605824233,,,,,,,
2016-03-23,42.24,,,,,2.75,15.36,,,,,,,
2016-03-24,42.24,,,,,2.752857142857143,15.344058121432278,,,,,,,
2016-03-28,43.4,,,,,2.7642857142857142,15.700258397932815,,,,,,,
2016-03-29,44.31,,,,,2.7671428571428573,16.012906556530716,,,,,,,
2016-03-30,44.97,,,,,2.77,16.23465703971119,,,,,,,
2016-03-31,45.16,,,,,2.772857142857143,16.28645028335909,,,,,,,
2016-04-01,45.84,,,,,2.775714285714286,16.51466803911477,,,,,,,
2016-04-04,45.33,,,,,2.7842857142857143,16.28065674704977,,,,,,,
2016-04-05,45.17,,,,,2.7871428571428574,16.206560738083034,,,,,,,
2016-04-06,45.7,,,,,2.79,16.379928315412187,,,,,,,
2016-04-07,45.64,,,,,2.792857142857143,16.34168797953964,,,,,,,
2016-04-08,45.39,,,,,2.795714285714286,16.235564639754728,,,,,,,
2016-04-11,44.92,,,,,2.8042857142857143,16.01833927661742,,,,,,,
2016-04-12,44.76,,,,,2.8071428571428574,15.945038167938929,,,,,,,
2016-04-13,45.83,,,,,2.81,16.309608540925264,,,,,,,
2016-04-14,45.56,,,,,2.812857142857143,16.197054342305737,,,,,,,
2016-04-15,45.3,,,,,2.815714285714286,16.0882800608828,,,,,,,
2016-04-18,45.63,,,,,2.8242857142857143,16.15629742033384,,,,,,,
2016-04-19,45.82,,,,,2.8271428571428574,16.207175341081353,,,,,,,
2016-04-20,45.45,,,,,2.83,16.060070671378092,,,,,,,
2016-04-21,45.14,,,,,2.832857142857143,15.93444276348966,,,,,,,
2016-04-22,45.34,,,,,2.835714285714286,15.988916876574308,,,,,,,
2016-04-25,45.21,,,,,2.8442857142857143,15.895027624309392,,,,,,,
2016-04-26,45.2,,,,,2.8471428571428574,15.875564475664826,,,,,,,
2016-04-27,45.28,,,,,2.85,15.887719298245614,,,,,,,
2016-04-28,45.02,,,,,2.8528571428571428,15.780671006509769,,,,,,,
2016-04-29,44.38,,,,,2.855714285714286,15.540770385192596,,,,,,,
2016-05-02,45.08,,,,,2.8642857142857143,15.73865336658354,,,,,,,
2016-05-03,44.27,,,,,2.867142857142857,15.440458395615348,,,,,,,
2016-05-04,44.02,2016-05-04,2.87,0.0,actual,2.87,15.337979094076656,,,,,,,
2016-05-05,41.24,,,,,2.870989010989012,14.364387966010868,,,,,,,
2016-05-06,42.04,,,,,2.871978021978022,14.637995025827436,,,,,,,
2016-05-09,42.12,,,,,2.874945054945055,14.650714777157708,,,,,,,
2016-05-10,42.72,,,,,2.875934065934066,14.85430438271369,,,,,,,
2016-05-11,42.11,,,,,2.876923076923077,14.63716577540107,,,,,,,
2016-05-12,42.06,,,,,2.877912087912088,14.614761922944748,,,,,,,
2016-05-13,41.71,,,,,2.878901098901099,14.488167035651577,,,,,,,
2016-05-16,42.32,,,,,2.881868131868132,14.684918970448043,,,,,,,
2016-05-17,40.99,,,,,2.882857142857143,14.218533201189295,,,,,,,
2016-05-18,41.0,,,,,2.8838461538461537,14.217124566551082,,,,,,,
2016-05-19,40.78,,,,,2.884835164835165,14.135989638884656,,,,,,,
2016-05-20,41.62,,,,,2.885824175824176,14.422223068428464,,,,,,,
2016-05-23,41.47,,,,,2.8887912087912087,14.35548539257456,,,,,,,
2016-05-24,42.44,,,,,2.88978021978022,14.686237973913371,,,,,,,
2016-05-25,42.27,,,,,2.890769230769231,14.622405534858968,,,,,,,
2016-05-26,42.43,,,,,2.8917582417582417,14.672734182025462,,,,,,,
2016-05-27,42.64,,,,,2.892747252747253,14.74031302233703,,,,,,,
2016-05-31,42.51,,,,,2.8967032967032966,14.67530349013657,,,,,,,
2016-06-01,42.57,,,,,2.897692307692308,14.6910007963897,,,,,,,
2016-06-02,42.69,,,,,2.898681318681319,14.727386458412312,,,,,,,
2016-06-03,42.48,,,,,2.8996703296703297,14.649941258953271,,,,,,,
2016-06-06,42.5,,,,,2.9026373626373627,14.641856591201636,,,,,,,
2016-06-07,42.93,,,,,2.903626373626374,14.784960072663964,,,,,,,
2016-06-08,43.25,,,,,2.9046153846153846,14.89009533898305,,,,,,,
2016-06-09,43.09,,,,,2.905604395604396,14.82996104534624,,,,,,,
2016-06-10,42.19,,,,,2.9065934065934065,14.515274102079395,,,,,,,
2016-06-13,41.55,,,,,2.9095604395604395,14.280507610378818,,,,,,,
2016-06-14,41.9,,,,,2.9105494505494507,14.395907271766214,,,,,,,
2016-06-15,41.3,,,,,2.9115384615384614,14.184940554821663,,,,,,,
2016-06-16,41.28,,,,,2.912527472527473,14.173256866888014,,,,,,,
2016-06-17,40.38,,,,,2.913516483516484,13.85954060272319,,,,,,,
2016-06-20,40.94,,,,,2.9164835164835163,14.037452901281084,,,,,,,
2016-06-21,40.69,,,,,2.9174725274725275,13.947003653621604,,,,,,,
2016-06-22,40.8,,,,,2.9184615384615387,13.97996837111228,,,,,,,
2016-06-23,41.15,,,,,2.9194505494505494,14.095118003538223,,,,,,,
2016-06-24,40.06,,,,,2.9204395604395605,13.717113184828415,,,,,,,
2016-06-27,38.65,,,,,2.9234065934065936,13.220877344660376,,,,,,,
2016-06-28,39.18,,,,,2.9243956043956043,13.397640162332785,,,,,,,
2016-06-29,39.45,,,,,2.9253846153846155,13.485406258217198,,,,,,,
2016-06-30,40.31,,,,,2.926373626373626,13.774727750657156,,,,,,,
2016-07-01,40.35,,,,,2.9273626373626374,13.78373812830812,,,,,,,
2016-07-05,39.9,,,,,2.931318681318681,13.6116213683224,,,,,,,
2016-07-06,39.78,,,,,2.9323076923076923,13.56610703043022,,,,,,,
2016-07-07,39.54,,,,,2.9332967032967034,13.479713782639642,,,,,,,
2016-07-08,40.96,,,,,2.934285714285714,13.959104186952288,,,,,,,
2016-07-11,41.43,,,,,2.937252747252747,14.105017022709417,,,,,,,
2016-07-12,41.63,,,,,2.9382417582417584,14.168337197995363,,,,,,,
2016-07-13,41.84,,,,,2.939230769230769,14.2350170112536,,,,,,,
2016-07-14,41.68,,,,,2.9402197802197803,14.175811033039318,,,,,,,
2016-07-15,41.57,,,,,2.9412087912087914,14.133644685223238,,,,,,,
2016-07-18,41.38,,,,,2.944175824175824,14.054867124514782,,,,,,,
2016-07-19,41.2,,,,,2.945164835164835,13.989030260064924,,,,,,,
2016-07-20,41.58,,,,,2.9461538461538463,14.113315926892948,,,,,,,
2016-07-21,41.09,,,,,2.947142857142857,13.9423170140572,,,,,,,
2016-07-22,41.25,,,,,2.948131868131868,13.99191143581333,,,,,,,
2016-07-25,41.22,,,,,2.9510989010989013,13.967678272202567,,,,,,,
2016-07-26,41.49,,,,,2.952087912087912,14.054459499702205,,,,,,,
2016-07-27,40.95,,,,,2.953076923076923,13.866892419901015,,,,,,,
2016-07-28,40.88,,,,,2.954065934065934,13.83855367904174,,,,,,,
2016-07-29,40.26,,,,,2.955054945054945,13.624112156483582,,,,,,,
2016-08-01,40.74,,,,,2.958021978021978,13.77271714094658,,,,,,,
2016-08-02,40.15,,,,,2.959010989010989,13.568722843242842,,,,,,,
2016-08-03,40.4,2016-08-03,2.96,0.0,actual,2.96,13.64864864864865,,,,,,,
2016-08-04,41.61,,,,,2.96032967032967,14.055866958684437,,,,,,,
2016-08-05,41.17,,,,,2.9606593406593404,13.905686289065402,,,,,,,
2016-08-08,40.81,,,,,2.961648351648352,13.77948870171793,,,,,,,
2016-08-09,40.74,,,,,2.961978021978022,13.75432217852638,,,,,,,
2016-08-10,40.86,,,,,2.962307692307692,13.79330044144378,,,,,,,
2016-08-11,40.88,,,,,2.9626373626373628,13.798516320474778,,,,,,,
2016-08-12,40.33,,,,,2.962967032967033,13.611356303082,,,,,,,
2016-08-15,40.7,,,,,2.963956043956044,13.731647634584013,,,,,,,
2016-08-16,40.52,,,,,2.9642857142857144,13.669397590361449,,,,,,,
2016-08-17,41.09,,,,,2.9646153846153847,13.860145303580696,,,,,,,
2016-08-18,42.2,,,,,2.964945054945055,14.232978762833106,,,,,,,
2016-08-19,42.37,,,,,2.965274725274725,14.288726652831308,,,,,,,
2016-08-22,42.83,,,,,2.9662637362637363,14.439039751046566,,,,,,,
2016-08-23,43.08,,,,,2.9665934065934065,14.521706919543636,,,,,,,
2016-08-24,43.1,,,,,2.9669230769230768,14.526834327197305,,,,,,,
2016-08-25,43.43,,,,,2.9672527472527475,14.63643433819717,,,,,,,
2016-08-26,43.48,,,,,2.9675824175824177,14.651657100536935,,,,,,,
2016-08-29,43.38,,,,,2.9685714285714284,14.613089509143409,,,,,,,
2016-08-30,43.71,,,,,2.968901098901099,14.722619091683011,,,,,,,
2016-08-31,43.72,,,,,2.9692307692307693,14.724352331606216,,,,,,,
2016-09-01,44.42,,,,,2.96956043956044,14.958442807978386,,,,,,,
2016-09-02,44.59,,,,,2.96989010989011,15.014023532894251,,,,,,,
2016-09-06,44.16,,,,,2.9712087912087912,14.862637769065758,,,,,,,
2016-09-07,44.62,,,,,2.971538461538461,15.015790836137718,,,,,,,
2016-09-08,44.05,,,,,2.971868131868132,14.822326578908443,,,,,,,
2016-09-09,42.82,,,,,2.9721978021978024,14.406847339815876,,,,,,,
2016-09-12,43.09,,,,,2.973186813186813,14.492866646954466,,,,,,,
2016-09-13,41.79,,,,,2.973516483516484,14.054067038693224,,,,,,,
2016-09-14,42.44,,,,,2.973846153846154,14.271081220900154,,,,,,,
2016-09-15,43.0,,,,,2.9741758241758243,14.457786809532609,,,,,,,
2016-09-16,42.64,,,,,2.9745054945054945,14.335155903650069,,,,,,,
2016-09-19,42.37,,,,,2.9754945054945057,14.239649887358272,,,,,,,
2016-09-20,42.84,,,,,2.975824175824176,14.396011816838996,,,,,,,
2016-09-21,43.735,,,,,2.976153846153846,14.695140863272163,,,,,,,
2016-09-22,44.12,,,,,2.9764835164835164,14.822860518348962,,,,,,,
2016-09-23,42.3,,,,,2.976813186813187,14.20982686699398,,,,,,,
2016-09-26,41.63,,,,,2.977802197802198,13.98010923315374,,,,,,,
2016-09-27,41.46,,,,,2.978131868131868,13.921478912217262,,,,,,,
2016-09-28,42.57,,,,,2.9784615384615387,14.292613636363637,,,,,,,
2016-09-29,41.42,,,,,2.978791208791209,13.904969196148596,,,,,,,
2016-09-30,41.33,,,,,2.979120879120879,13.873220213943194,,,,,,,
2016-10-03,41.5,,,,,2.9801098901098904,13.925660975699692,,,,,,,
2016-10-04,40.96,,,,,2.9804395604395606,13.742939311260232,,,,,,,
2016-10-05,41.1,,,,,2.980769230769231,13.788387096774194,,,,,,,
2016-10-06,41.14,,,,,2.981098901098901,13.800280153347096,,,,,,,
2016-10-07,40.47,,,,,2.981428571428572,13.574029707714418,,,,,,,
2016-10-10,40.64,,,,,2.9824175824175825,13.626529108327192,,,,,,,
2016-10-11,40.0,,,,,2.9827472527472527,13.410455734443502,,,,,,,
2016-10-12,40.33,,,,,2.9830769230769234,13.519597730789064,,,,,,,
2016-10-13,39.89,,,,,2.9834065934065936,13.370621385686396,,,,,,,
2016-10-14,39.75,,,,,2.983736263736264,13.322223040659988,,,,,,,
2016-10-17,39.94,,,,,2.984725274725275,13.381466072677734,,,,,,,
2016-10-18,39.46,,,,,2.9850549450549453,13.219187159475776,,,,,,,
2016-10-19,39.53,,,,,2.9853846153846155,13.241174954908528,,,,,,,
2016-10-20,38.5,,,,,2.9857142857142858,12.894736842105264,,,,,,,
2016-10-21,38.64,,,,,2.986043956043956,12.940197990652486,,,,,,,
2016-10-24,38.92,,,,,2.987032967032967,13.02965197557207,,,,,,,
2016-10-25,38.69,,,,,2.9873626373626374,12.9512231009748,,,,,,,
2016-10-26,38.26,,,,,2.987692307692308,12.805870236869204,,,,,,,
2016-10-27,37.69,,,,,2.9880219780219783,12.61369570813872,,,,,,,
2016-10-28,37.68,,,,,2.988351648351649,12.608957858351104,,,,,,,
2016-10-31,38.03,,,,,2.98934065934066,12.72186891151711,,,,,,,
2016-11-01,37.24,,,,,2.98967032967033,12.456222892009116,,,,,,,
2016-11-02,36.59,2016-11-02,2.99,0.0,actual,2.99,12.237458193979933,,,,,,,
2016-11-03,41.74,,,,,2.987802197802198,13.970134981058516,,,,,,,
2016-11-04,39.45,,,,,2.985604395604396,13.21340498362104,,,,,,,
2016-11-07,39.6,,,,,2.9790109890109893,13.293002323951455,,,,,,,
2016-11-08,39.93,,,,,2.976813186813187,13.413673446786516,,,,,,,
2016-11-09,40.88,,,,,2.974615384615385,13.742953193690198,,,,,,,
2016-11-10,40.53,,,,,2.9724175824175827,13.635365447890864,,,,,,,
2016-11-11,41.79,,,,,2.9702197802197805,14.069665914388247,,,,,,,
2016-11-14,41.45,,,,,2.963626373626374,13.98624346471875,,,,,,,
2016-11-15,41.39,,,,,2.961428571428572,13.976362759286056,,,,,,,
2016-11-16,41.5,,,,,2.9592307692307696,14.023914738757473,,,,,,,
2016-11-17,41.74,,,,,2.957032967032968,14.115500390204016,,,,,,,
2016-11-18,42.23,,,,,2.954835164835165,14.291829372605896,,,,,,,
2016-11-21,42.78,,,,,2.9482417582417586,14.510343285251032,,,,,,,
2016-11-22,43.69,,,,,2.9460439560439564,14.830057070386808,,,,,,,
2016-11-23,44.16,,,,,2.9438461538461542,15.000783903841128,,,,,,,
2016-11-25,44.23,,,,,2.9394505494505494,15.047029795506374,,,,,,,
2016-11-28,44.35,,,,,2.932857142857143,15.121773015099857,,,,,,,
2016-11-29,44.5,,,,,2.9306593406593406,15.18429637406727,,,,,,,
2016-11-30,44.5,,,,,2.9284615384615384,15.195692146046756,,,,,,,
2016-12-01,44.6,,,,,2.9262637362637363,15.24127830560667,,,,,,,
2016-12-02,44.27,,,,,2.924065934065934,15.139877485061447,,,,,,,
2016-12-05,45.25,,,,,2.9174725274725275,15.51000037666202,,,,,,,
2016-12-06,46.45,,,,,2.9152747252747253,15.933318255493989,,,,,,,
2016-12-07,46.84,,,,,2.913076923076923,16.07921837866385,,,,,,,
2016-12-08,47.88,,,,,2.910879120879121,16.448639057722072,,,,,,,
2016-12-09,48.16,,,,,2.9086813186813187,16.557331217650834,,,,,,,
2016-12-12,47.71,,,,,2.902087912087912,16.439887916997993,,,,,,,
2016-12-13,48.31,,,,,2.89989010989011,16.659251961044376,,,,,,,
2016-12-14,47.96,,,,,2.897692307692308,16.55110167241837,,,,,,,
2016-12-15,48.66,,,,,2.8954945054945056,16.80541956051463,,,,,,,
2016-12-16,49.02,,,,,2.8932967032967034,16.942610809373694,,,,,,,
2016-12-19,49.11,,,,,2.886703296703297,17.012486200464426,,,,,,,
2016-12-20,49.53,,,,,2.884505494505494,17.171054135395636,,,,,,,
2016-12-21,49.4,,,,,2.8823076923076925,17.139044568988524,,,,,,,
2016-12-22,48.72,,,,,2.8801098901098903,16.91602121408676,,,,,,,
2016-12-23,48.9,,,,,2.877912087912088,16.99148497460766,,,,,,,
2016-12-27,49.18,,,,,2.86912087912088,17.141139070818486,,,,,,,
2016-12-28,48.57,,,,,2.866923076923077,16.941507915213307,,,,,,,
2016-12-29,48.79,,,,,2.864725274725275,17.031301545897424,,,,,,,
2016-12-30,48.4,,,,,2.8625274725274727,16.90813466927713,,,,,,,
2017-01-03,48.58,,,,,2.853736263736264,17.023297007971042,,,,,,,
2017-01-04,50.22,,,,,2.851538461538462,17.611545724305365,,,,,,,
2017-01-05,49.98,,,,,2.84934065934066,17.54090015041073,,,,,,,
2017-01-06,50.04,,,,,2.8471428571428574,17.575514300050173,,,,,,,
2017-01-09,50.18,,,,,2.8405494505494504,17.6655963480212,,,,,,,
2017-01-10,49.83,,,,,2.838351648351648,17.55596422625731,,,,,,,
2017-01-11,50.12,,,,,2.836153846153846,17.671819907784105,,,,,,,
2017-01-12,50.14,,,,,2.833956043956044,17.692582108650978,,,,,,,
2017-01-13,50.62,,,,,2.8317582417582416,17.87581978346075,,,,,,,
2017-01-17,50.39,,,,,2.822967032967033,17.850013624508545,,,,,,,
2017-01-18,49.81,,,,,2.8207692307692307,17.658303790564496,,,,,,,
2017-01-19,49.76,,,,,2.8185714285714285,17.65433350228079,,,,,,,
2017-01-20,49.59,,,,,2.8163736263736263,17.607749034297086,,,,,,,
2017-01-23,49.15,,,,,2.80978021978022,17.49247135202784,,,,,,,
2017-01-24,49.48,,,,,2.8075824175824176,17.623703471760145,,,,,,,
2017-01-25,49.38,,,,,2.805384615384616,17.601864546202357,,,,,,,
2017-01-26,49.18,,,,,2.803186813186813,17.54431769179505,,,,,,,
2017-01-27,49.24,,,,,2.800989010989011,17.579504884459965,,,,,,,
2017-01-30,48.47,,,,,2.7943956043956044,17.345432380353138,,,,,,,
2017-01-31,48.4,,,,,2.7921978021978022,17.334015506316657,,,,,,,
2017-02-01,48.24,2017-02-01,2.79,0.0,actual,2.79,17.29032258064516,,,,,,,
2017-02-02,39.2,,,,,2.7883516483516484,14.058485063450776,,,,,,,
2017-02-03,40.39,,,,,2.7867032967032968,14.493828621002406,,,,,,,
2017-02-06,39.31,,,,,2.781758241758242,14.131350240973376,,,,,,,
2017-02-07,39.07,,,,,2.78010989010989,14.053401320210284,,,,,,,
2017-02-08,38.44,,,,,2.7784615384615385,13.834994462901438,,,,,,,
2017-02-09,39.74,,,,,2.776813186813187,14.311369662432227,,,,,,,
2017-02-10,39.33,,,,,2.775164835164836,14.17213114754098,,,,,,,
2017-02-13,39.59,,,,,2.7702197802197803,14.291284858582252,,,,,,,
2017-02-14,39.2,,,,,2.7685714285714287,14.158926728586172,,,,,,,
2017-02-15,39.57,,,,,2.766923076923077,14.301084236864051,,,,,,,
2017-02-16,40.11,,,,,2.7652747252747254,14.504887935145446,,,,,,,
2017-02-17,39.79,,,,,2.7636263736263738,14.397749413495566,,,,,,,
2017-02-21,39.99,,,,,2.757032967032967,14.504723185459763,,,,,,,
2017-02-22,39.68,,,,,2.7553846153846155,14.400893355667224,,,,,,,
2017-02-23,39.87,,,,,2.753736263736264,14.478510714713275,,,,,,,
2017-02-24,40.03,,,,,2.7520879120879123,14.545320236383963,,,,,,,
2017-02-27,39.97,,,,,2.7471428571428573,14.54966198647946,,,,,,,
2017-02-28,39.41,,,,,2.7454945054945057,14.354426833173228,,,,,,,
2017-03-01,39.72,,,,,2.743846153846154,14.476030277544153,,,,,,,
2017-03-02,39.04,,,,,2.7421978021978024,14.23675563035986,,,,,,,
2017-03-03,39.0,,,,,2.7405494505494508,14.230722964032235,,,,,,,
2017-03-06,38.05,,,,,2.735604395604396,13.909174901582707,,,,,,,
2017-03-07,37.91,,,,,2.733956043956044,13.86635314924233,,,,,,,
2017-03-08,38.46,,,,,2.7323076923076925,14.076013513513512,,,,,,,
2017-03-09,38.53,,,,,2.730659340659341,14.110145277475954,,,,,,,
2017-03-10,38.27,,,,,2.7290109890109893,14.023395345091409,,,,,,,
2017-03-13,38.26,,,,,2.7240659340659343,14.045181330428818,,,,,,,
2017-03-14,38.01,,,,,2.7224175824175827,13.96185517074352,,,,,,,
2017-03-15,38.65,,,,,2.720769230769231,14.205541419281875,,,,,,,
2017-03-16,38.26,,,,,2.7191208791208794,14.070724215971548,,,,,,,
2017-03-17,38.83,,,,,2.717472527472528,14.289012899834198,,,,,,,
2017-03-20,38.39,,,,,2.712527472527473,14.152852049910871,,,,,,,
2017-03-21,37.36,,,,,2.710879120879121,13.781507154728605,,,,,,,
2017-03-22,37.02,,,,,2.709230769230769,13.664395229982969,,,,,,,
2017-03-23,36.85,,,,,2.707582417582417,13.609927350947688,,,,,,,
2017-03-24,37.15,,,,,2.705934065934066,13.729085445094215,,,,,,,
2017-03-27,37.17,,,,,2.700989010989011,13.76162577810326,,,,,,,
2017-03-28,37.16,,,,,2.69934065934066,13.766324702817128,,,,,,,
2017-03-29,37.57,,,,,2.697692307692308,13.926717992586257,,,,,,,
2017-03-30,38.0,,,,,2.696043956043956,14.09472568680199,,,,,,,
2017-03-31,37.81,,,,,2.6943956043956043,14.032831681553082,,,,,,,
2017-04-03,37.24,,,,,2.6894505494505494,13.846694451254391,,,,,,,
2017-04-04,36.48,,,,,2.6878021978021978,13.57242732736416,,,,,,,
2017-04-05,36.51,,,,,2.686153846153846,13.591924398625428,,,,,,,
2017-04-06,36.43,,,,,2.6845054945054945,13.57046952392648,,,,,,,
2017-04-07,36.52,,,,,2.682857142857143,13.612353567625137,,,,,,,
2017-04-10,36.58,,,,,2.677912087912088,13.659895769214986,,,,,,,
2017-04-11,36.85,,,,,2.6762637362637363,13.769196025293589,,,,,,,
2017-04-12,36.5,,,,,2.6746153846153846,13.6468219729652,,,,,,,
2017-04-13,36.08,,,,,2.672967032967033,13.498108863673735,,,,,,,
2017-04-17,36.31,,,,,2.6663736263736264,13.617746455654467,,,,,,,
2017-04-18,36.64,,,,,2.6647252747252748,13.750010309703493,,,,,,,
2017-04-19,36.98,,,,,2.663076923076923,13.886192952050836,,,,,,,
2017-04-20,37.38,,,,,2.6614285714285715,14.045088566827696,,,,,,,
2017-04-21,37.52,,,,,2.65978021978022,14.106428689472816,,,,,,,
2017-04-24,38.13,,,,,2.654835164835165,14.362473612318391,,,,,,,
2017-04-25,38.12,,,,,2.6531868131868133,14.367627567925778,,,,,,,
2017-04-26,38.19,,,,,2.6515384615384616,14.402959094865098,,,,,,,
2017-04-27,38.19,,,,,2.64989010989011,14.41191838765862,,,,,,,
2017-04-28,37.51,,,,,2.6482417582417583,14.164114693555748,,,,,,,
2017-05-01,37.64,,,,,2.6432967032967034,14.239793797289432,,,,,,,
2017-05-02,37.76,,,,,2.641648351648352,14.294105412038766,,,,,,,
2017-05-03,36.19,2017-05-03,2.64,0.0,actual,2.64,13.708333333333332,,,,,,,
2017-05-04,39.87,,,,,2.63912087912088,15.107303464357091,,,,,,,
2017-05-05,39.39,,,,,2.6382417582417585,14.930398200599798,,,,,,,
2017-05-08,39.23,,,,,2.635604395604396,14.884631420947294,,,,,,,
2017-05-09,39.44,,,,,2.634725274725275,14.9693026359693,,,,,,,
2017-05-10,39.43,,,,,2.633846153846154,14.970502336448597,,,,,,,
2017-05-11,39.26,,,,,2.632967032967033,14.910934891485809,,,,,,,
2017-05-12,39.23,,,,,2.632087912087912,14.90451736806947,,,,,,,
2017-05-15,39.86,,,,,2.6294505494505493,15.159060514877968,,,,,,,
2017-05-16,39.86,,,,,2.628571428571429,15.164130434782606,,,,,,,
2017-05-17,39.08,,,,,2.627692307692308,14.872365339578453,,,,,,,
2017-05-18,38.89,,,,,2.626813186813187,14.805011713520749,,,,,,,
2017-05-19,39.48,,,,,2.625934065934066,15.034650150652826,,,,,,,
2017-05-22,40.08,,,,,2.6232967032967034,15.278485254691688,,,,,,,
2017-05-23,40.08,,,,,2.6224175824175826,15.28360710693932,,,,,,,
2017-05-24,40.28,,,,,2.621538461538462,15.365023474178402,,,,,,,
2017-05-25,40.55,,,,,2.6206593406593406,15.47320530023482,,,,,,,
2017-05-26,40.01,,,,,2.61978021978022,15.272273489932886,,,,,,,
2017-05-30,39.96,,,,,2.616263736263736,15.273689516129034,,,,,,,
2017-05-31,39.89,,,,,2.6153846153846154,15.252058823529412,,,,,,,
2017-06-01,41.14,,,,,2.614505494505494,15.735289172831203,,,,,,,
2017-06-02,41.09,,,,,2.613626373626374,15.7214513958964,,,,,,,
2017-06-05,41.16,,,,,2.610989010989011,15.764141414141411,,,,,,,
2017-06-06,40.81,,,,,2.6101098901098903,15.63535702256652,,,,,,,
2017-06-07,41.11,,,,,2.609230769230769,15.755601415094342,,,,,,,
2017-06-08,41.51,,,,,2.608351648351648,15.914265251095385,,,,,,,
2017-06-09,41.58,,,,,2.6074725274725274,15.946476736345245,,,,,,,
2017-06-12,41.68,,,,,2.604835164835165,16.001012487343907,,,,,,,
2017-06-13,42.18,,,,,2.603956043956044,16.198430114787307,,,,,,,
2017-06-14,41.93,,,,,2.603076923076923,16.10786052009456,,,,,,,
2017-06-15,41.25,,,,,2.6021978021978023,15.851984797297296,,,,,,,
2017-06-16,40.57,,,,,2.601318681318681,15.595936127069958,,,,,,,
2017-06-19,40.48,,,,,2.5986813186813187,15.577131258457374,,,,,,,
2017-06-20,40.34,,,,,2.597802197802198,15.528510998307953,,,,,,,
2017-06-21,40.38,,,,,2.596923076923077,15.549170616113743,,,,,,,
2017-06-22,40.31,,,,,2.5960439560439563,15.527472062309515,,,,,,,
2017-06-23,41.1,,,,,2.595164835164835,15.83714430894309,,,,,,,
2017-06-26,40.91,,,,,2.5925274725274727,15.779967785690062,,,,,,,
2017-06-27,40.61,,,,,2.591648351648352,15.66956411126187,,,,,,,
2017-06-28,41.41,,,,,2.5907692307692307,15.983669833729214,,,,,,,
2017-06-29,40.6,,,,,2.58989010989011,15.67634080108622,,,,,,,
2017-06-30,40.58,,,,,2.589010989010989,15.673938879456704,,,,,,,
2017-07-03,40.7,,,,,2.5863736263736263,15.736318830727395,,,,,,,
2017-07-05,40.62,,,,,2.5846153846153848,15.716071428571428,,,,,,,
2017-07-06,40.43,,,,,2.583736263736264,15.647881932630144,,,,,,,
2017-07-07,41.14,,,,,2.5828571428571427,15.928097345132745,,,,,,,
2017-07-10,40.78,,,,,2.5802197802197804,15.804855195911411,,,,,,,
2017-07-11,41.15,,,,,2.57934065934066,15.953689502385815,,,,,,,
2017-07-12,42.39,,,,,2.5784615384615384,16.440035799522676,,,,,,,
2017-07-13,41.97,,,,,2.5775824175824176,16.28269952251023,,,,,,,
2017-07-14,42.22,,,,,2.576703296703297,16.385278062094848,,,,,,,
2017-07-17,42.25,,,,,2.574065934065934,16.413720969945356,,,,,,,
2017-07-18,41.65,,,,,2.573186813186813,16.186154765971985,,,,,,,
2017-07-19,41.81,,,,,2.5723076923076924,16.253887559808614,,,,,,,
2017-07-20,41.33,,,,,2.571428571428572,16.072777777777773,,,,,,,
2017-07-21,41.1,,,,,2.570549450549451,15.988799589603282,,,,,,,
2017-07-24,40.99,,,,,2.567912087912088,15.96238445737761,,,,,,,
2017-07-25,41.76,,,,,2.5670329670329672,16.26780821917808,,,,,,,
2017-07-26,42.1,,,,,2.566153846153846,16.405875299760194,,,,,,,
2017-07-27,41.79,,,,,2.565274725274725,16.290652844413984,,,,,,,
2017-07-28,41.56,,,,,2.5643956043956044,16.206547823105932,,,,,,,
2017-07-31,41.35,,,,,2.5617582417582416,16.14125772134523,,,,,,,
2017-08-01,41.7,,,,,2.560879120879121,16.283470648815655,,,,,,,
2017-08-02,40.74,2017-08-02,2.56,0.0,actual,2.56,15.9140625,,,,,,,
2017-08-03,39.9,,,,,2.558791208791209,15.593300407987972,,,,,,,
2017-08-04,39.21,,,,,2.5575824175824176,15.33088424851766,,,,,,,
2017-08-07,38.7,,,,,2.553956043956044,15.152962437072416,,,,,,,
2017-08-08,38.03,,,,,2.552747252747253,14.897675419715885,,,,,,,
2017-08-09,37.9,,,,,2.551538461538461,14.853783539342782,,,,,,,
2017-08-10,37.5,,,,,2.5503296703296705,14.703981385729058,,,,,,,
2017-08-11,37.61,,,,,2.549120879120879,14.754106134413933,,,,,,,
2017-08-14,38.3,,,,,2.545494505494505,15.04619236746676,,,,,,,
2017-08-15,38.25,,,,,2.5442857142857145,15.033688938798427,,,,,,,
2017-08-16,38.72,,,,,2.543076923076923,15.225650332728373,,,,,,,
2017-08-17,38.54,,,,,2.541868131868132,15.162076866542732,,,,,,,
2017-08-18,38.02,,,,,2.5406593406593405,14.964619377162633,,,,,,,
2017-08-21,38.02,,,,,2.537032967032967,14.986009442543423,,,,,,,
2017-08-22,38.33,,,,,2.535824175824176,15.115401282717974,,,,,,,
2017-08-23,38.07,,,,,2.5346153846153845,15.020030349013656,,,,,,,
2017-08-24,38.22,,,,,2.533406593406593,15.086405829790928,,,,,,,
2017-08-25,38.41,,,,,2.5321978021978024,15.168641235950178,,,,,,,
2017-08-28,38.22,,,,,2.5285714285714285,15.115254237288136,,,,,,,
2017-08-29,38.32,,,,,2.527362637362637,15.162050523935823,,,,,,,
2017-08-30,38.33,,,,,2.5261538461538464,15.173264311814858,,,,,,,
2017-08-31,38.71,,,,,2.524945054945055,15.331026678852766,,,,,,,
2017-09-01,38.59,,,,,2.523736263736264,15.290821213968476,,,,,,,
2017-09-05,38.19,,,,,2.518901098901099,15.161373353110548,,,,,,,
2017-09-06,38.01,,,,,2.517692307692308,15.097158570119154,,,,,,,
2017-09-07,38.18,,,,,2.5164835164835164,15.171965065502183,,,,,,,
2017-09-08,38.37,,,,,2.5152747252747254,15.254794879636504,,,,,,,
2017-09-11,38.59,,,,,2.511648351648352,15.36441197059853,,,,,,,
2017-09-12,38.62,,,,,2.5104395604395604,15.383760122565112,,,,,,,
2017-09-13,38.35,,,,,2.5092307692307694,15.283568362967504,,,,,,,
2017-09-14,37.91,,,,,2.5080219780219783,15.11549752442711,,,,,,,
2017-09-15,37.44,,,,,2.506813186813187,14.935297211993689,,,,,,,
2017-09-18,38.11,,,,,2.5031868131868134,15.22459282672637,,,,,,,
2017-09-19,38.28,,,,,2.501978021978022,15.2998945888967,,,,,,,
2017-09-20,37.73,,,,,2.500769230769231,15.087357736081204,,,,,,,
2017-09-21,37.6,,,,,2.49956043956044,15.042644860634836,,,,,,,
2017-09-22,38.1,,,,,2.4983516483516484,15.250054981306356,,,,,,,
2017-09-25,38.45,,,,,2.494725274725275,15.41251872081755,,,,,,,
2017-09-26,39.02,,,,,2.493516483516484,15.648583138689348,,,,,,,
2017-09-27,39.71,,,,,2.4923076923076923,15.933024691358025,,,,,,,
2017-09-28,39.9,,,,,2.4910989010989013,16.017027658917463,,,,,,,
2017-09-29,40.1,,,,,2.48989010989011,16.10512843145909,,,,,,,
2017-10-02,40.91,,,,,2.4862637362637363,16.454408839779003,,,,,,,
2017-10-03,40.99,,,,,2.4850549450549453,16.494605111877597,,,,,,,
2017-10-04,41.03,,,,,2.483846153846154,16.518736450913597,,,,,,,
2017-10-05,40.97,,,,,2.482637362637363,16.502611543909346,,,,,,,
2017-10-06,40.58,,,,,2.481428571428572,16.353483016695446,,,,,,,
2017-10-09,41.02,,,,,2.477802197802198,16.554993791023595,,,,,,,
2017-10-10,41.09,,,,,2.4765934065934068,16.59133868749168,,,,,,,
2017-10-11,40.92,,,,,2.475384615384616,16.53076444996892,,,,,,,
2017-10-12,40.76,,,,,2.4741758241758243,16.474172773706417,,,,,,,
2017-10-13,40.87,,,,,2.472967032967033,16.52670636331319,,,,,,,
2017-10-16,40.74,,,,,2.46934065934066,16.498331182412883,,,,,,,
2017-10-17,40.6,,,,,2.468131868131868,16.449688334817456,,,,,,,
2017-10-18,40.83,,,,,2.466923076923077,16.55098222637979,,,,,,,
2017-10-19,40.92,,,,,2.4657142857142857,16.595596755504054,,,,,,,
2017-10-20,41.16,,,,,2.4645054945054947,16.701119186694605,,,,,,,
2017-10-23,41.0,,,,,2.460879120879121,16.660712690899345,,,,,,,
2017-10-24,41.04,,,,,2.4596703296703297,16.685162846803376,,,,,,,
2017-10-25,41.3,,,,,2.4584615384615387,16.7991239048811,,,,,,,
2017-10-26,41.64,,,,,2.4572527472527472,16.945753767720586,,,,,,,
2017-10-27,41.7,,,,,2.456043956043956,16.978523489932886,,,,,,,
2017-10-30,41.4,,,,,2.4524175824175827,16.881301250168033,,,,,,,
2017-10-31,42.34,,,,,2.451208791208791,17.273110373890436,,,,,,,
2017-11-01,42.35,2017-11-01,2.45,0.0,actual,2.45,17.285714285714285,,,,,,,
2017-11-02,44.88,,,,,2.449897959183674,18.319130326127706,,,,,,,
2017-11-03,43.68,,,,,2.449795918367347,17.830056647784073,,,,,,,
2017-11-06,44.12,,,,,2.4494897959183675,18.011914184544885,,,,,,,
2017-11-07,43.45,,,,,2.449387755102041,17.739126812197966,,,,,,,
2017-11-08,43.78,,,,,2.4492857142857143,17.874599008457277,,,,,,,
2017-11-09,43.63,,,,,2.449183673469388,17.814098825097908,,,,,,,
2017-11-10,43.5,,,,,2.4490816326530616,17.76175992666972,,,,,,,
2017-11-13,43.58,,,,,2.448775510204082,17.796649720810063,,,,,,,
2017-11-14,42.95,,,,,2.448673469387755,17.540109180314207,,,,,,,
2017-11-15,42.86,,,,,2.448571428571429,17.50408401400233,,,,,,,
2017-11-16,44.05,,,,,2.448469387755102,17.99083142321317,,,,,,,
2017-11-17,43.72,,,,,2.448367346938776,17.85679753271651,,,,,,,
2017-11-20,44.23,,,,,2.448061224489796,18.067358592805636,,,,,,,
2017-11-21,44.96,,,,,2.4479591836734698,18.36631929970821,,,,,,,
2017-11-22,44.88,,,,,2.447857142857143,18.33440326816457,,,,,,,
2017-11-24,44.63,,,,,2.4476530612244902,18.233793304706715,,,,,,,
2017-11-27,45.06,,,,,2.4473469387755102,18.41177451634423,,,,,,,
2017-11-28,45.96,,,,,2.447244897959184,18.780302714422717,,,,,,,
2017-11-29,45.98,,,,,2.447142857142857,18.78925861062464,,,,,,,
2017-11-30,45.89,,,,,2.4470408163265307,18.753262999874902,,,,,,,
2017-12-01,45.12,,,,,2.4469387755102043,18.439366138448705,,,,,,,
2017-12-04,44.62,,,,,2.446632653061225,18.237310756141294,,,,,,,
2017-12-05,44.2,,,,,2.4465306122448984,18.0663997330664,,,,,,,
2017-12-06,44.07,,,,,2.446428571428572,18.014014598540143,,,,,,,
2017-12-07,44.22,,,,,2.4463265306122453,18.076082422624506,,,,,,,
2017-12-08,43.88,,,,,2.4462244897959184,17.937846744253953,,,,,,,
2017-12-11,43.82,,,,,2.445918367346939,17.915561118064247,,,,,,,
2017-12-12,43.9,,,,,2.4458163265306125,17.949017480912843,,,,,,,
2017-12-13,43.84,,,,,2.445714285714286,17.925233644859812,,,,,,,
2017-12-14,44.15,,,,,2.44561224489796,18.052739183043347,,,,,,,
2017-12-15,44.55,,,,,2.445510204081633,18.217057498122337,,,,,,,
2017-12-18,44.73,,,,,2.445204081632653,18.292951633768727,,,,,,,
2017-12-19,44.62,,,,,2.445102040816326,18.248727151322928,,,,,,,
2017-12-20,44.71,,,,,2.4450000000000003,18.28629856850716,,,,,,,
2017-12-21,44.53,,,,,2.444897959183674,18.21343906510851,,,,,,,
2017-12-22,44.77,,,,,2.444795918367347,18.31236696022372,,,,,,,
2017-12-26,44.45,,,,,2.444387755102041,18.184512627843876,,,,,,,
2017-12-27,44.21,,,,,2.4442857142857144,18.08708357685564,,,,,,,
2017-12-28,44.13,,,,,2.444183673469388,18.055107919676036,,,,,,,
2017-12-29,43.82,,,,,2.4440816326530617,17.929024716098862,,,,,,,
2018-01-02,44.3,,,,,2.443673469387756,18.128444964088853,,,,,,,
2018-01-03,43.99,,,,,2.443571428571429,18.002338497515343,,,,,,,
2018-01-04,44.32,,,,,2.443469387755102,18.13814415768813,,,,,,,
2018-01-05,44.79,,,,,2.443367346938776,18.33125913551889,,,,,,,
2018-01-08,44.36,,,,,2.443061224489796,18.15754740623173,,,,,,,
2018-01-09,44.32,,,,,2.44295918367347,18.141932250114863,,,,,,,
2018-01-10,44.47,,,,,2.442857142857143,18.20409356725146,,,,,,,
2018-01-11,45.36,,,,,2.4427551020408167,18.56919670830026,,,,,,,
2018-01-12,45.58,,,,,2.4426530612244903,18.66003843261759,,,,,,,
2018-01-16,45.26,,,,,2.442244897959184,18.532130024233304,,,,,,,
2018-01-17,45.47,,,,,2.4421428571428576,18.618894413571216,,,,,,,
2018-01-18,45.19,,,,,2.442040816326531,18.505014206919604,,,,,,,
2018-01-19,45.68,,,,,2.4419387755102044,18.706447703815133,,,,,,,
2018-01-22,45.84,,,,,2.441632653061225,18.77432296890672,,,,,,,
2018-01-23,45.54,,,,,2.4415306122448985,18.65223387804572,,,,,,,
2018-01-24,45.53,,,,,2.441428571428572,18.648917495611464,,,,,,,
2018-01-25,45.93,,,,,2.4413265306122454,18.813542319749214,,,,,,,
2018-01-26,45.89,,,,,2.4412244897959186,18.797943487711084,,,,,,,
2018-01-29,45.54,,,,,2.440918367346939,18.656912336440783,,,,,,,
2018-01-30,45.22,,,,,2.4408163265306126,18.52658862876254,,,,,,,
2018-01-31,45.17,,,,,2.4407142857142863,18.5068773778168,,,,,,,
2018-02-01,45.26,,,,,2.4406122448979595,18.54452713437578,,,,,,,
2018-02-02,45.1,,,,,2.440510204081633,18.47974244261404,,,,,,,
2018-02-05,44.1,,,,,2.4402040816326536,18.072258927824706,,,,,,,
2018-02-06,43.97,,,,,2.4401020408163268,18.019738217705846,,,,,,,
2018-02-07,43.98,2018-02-07,2.4400000000000004,0.0,actual,2.4400000000000004,18.024590163934423,,,,,,,
2018-02-08,44.86,,,,,2.440833333333334,18.37896893137589,,,,,,,
2018-02-09,44.61,,,,,2.441666666666667,18.270307167235494,,,,,,,
2018-02-12,44.68,,,,,2.444166666666667,18.280259120354582,,,,,,,
2018-02-13,45.15,,,,,2.4450000000000003,18.46625766871165,,,,,,,
2018-02-14,46.27,,,,,2.4458333333333337,18.917887563884157,,,,,,,
2018-02-15,46.86,,,,,2.446666666666667,19.152588555858305,,,,,,,
2018-02-16,47.68,,,,,2.4475,19.48110316649643,,,,,,,
2018-02-20,47.71,,,,,2.4508333333333336,19.46684801088065,,,,,,,
2018-02-21,48.5,,,,,2.451666666666667,19.78246091094493,,,,,,,
2018-02-22,47.98,,,,,2.4525,19.563710499490316,,,,,,,
2018-02-23,47.17,,,,,2.4533333333333336,19.226902173913043,,,,,,,
2018-02-26,48.26,,,,,2.455833333333333,19.651170682049543,,,,,,,
2018-02-27,47.04,,,,,2.456666666666667,19.14789687924016,,,,,,,
2018-02-28,46.68,,,,,2.4575000000000005,18.99491353001017,,,,,,,
2018-03-01,45.91,,,,,2.458333333333333,18.675254237288136,,,,,,,
2018-03-02,46.6,,,,,2.459166666666667,18.9495086411386,,,,,,,
2018-03-05,46.52,,,,,2.461666666666667,18.897765741367635,,,,,,,
2018-03-06,46.49,,,,,2.4625000000000004,18.87918781725888,,,,,,,
2018-03-07,46.4,,,,,2.4633333333333334,18.83626522327469,,,,,,,
2018-03-08,46.1,,,,,2.464166666666667,18.708150152181265,,,,,,,
2018-03-09,47.0,,,,,2.4650000000000003,19.06693711967545,,,,,,,
2018-03-12,47.05,,,,,2.4675,19.067882472137796,,,,,,,
2018-03-13,47.01,,,,,2.4683333333333333,19.045239702903444,,,,,,,
2018-03-14,46.95,,,,,2.4691666666666667,19.01451231859602,,,,,,,
2018-03-15,46.85,,,,,2.47,18.967611336032387,,,,,,,
2018-03-16,47.24,,,,,2.4708333333333337,19.119055649241144,,,,,,,
2018-03-19,46.87,,,,,2.4733333333333336,18.950134770889484,,,,,,,
2018-03-20,46.65,,,,,2.474166666666666,18.854833277197717,,,,,,,
2018-03-21,47.2,,,,,2.475,19.070707070707076,,,,,,,
2018-03-22,45.71,,,,,2.4758333333333336,18.462470548636823,,,,,,,
2018-03-23,44.16,,,,,2.4766666666666666,17.83041722745626,,,,,,,
2018-03-26,45.54,,,,,2.4791666666666665,18.3690756302521,,,,,,,
2018-03-27,45.03,,,,,2.48,18.157258064516128,,,,,,,
2018-03-28,45.24,,,,,2.480833333333333,18.23580786026201,,,,,,,
2018-03-29,45.29,,,,,2.481666666666667,18.24983210208193,,,,,,,
2018-04-02,44.79,,,,,2.485,18.02414486921529,,,,,,,
2018-04-03,45.17,,,,,2.4858333333333333,18.170968823332217,,,,,,,
2018-04-04,46.11,,,,,2.486666666666667,18.54289544235925,,,,,,,
2018-04-05,46.67,,,,,2.4875,18.761809045226133,,,,,,,
2018-04-06,44.76,,,,,2.4883333333333333,17.98794373744139,,,,,,,
2018-04-09,44.33,,,,,2.490833333333333,17.79725660756106,,,,,,,
2018-04-10,45.15,,,,,2.4916666666666667,18.120401337792643,,,,,,,
2018-04-11,45.52,,,,,2.4925,18.26278836509529,,,,,,,
2018-04-12,45.21,,,,,2.493333333333333,18.13235294117647,,,,,,,
2018-04-13,45.11,,,,,2.494166666666666,18.086201135983966,,,,,,,
2018-04-16,46.18,,,,,2.4966666666666666,18.496662216288385,,,,,,,
2018-04-17,46.22,,,,,2.4975,18.506506506506504,,,,,,,
2018-04-18,45.29,,,,,2.498333333333333,18.12808539026017,,,,,,,
2018-04-19,44.89,,,,,2.4991666666666665,17.961987329109704,,,,,,,
2018-04-20,44.15,,,,,2.5,17.66,,,,,,,
2018-04-23,44.03,,,,,2.5025,17.594405594405597,,,,,,,
2018-04-24,43.89,,,,,2.503333333333333,17.532623169107858,,,,,,,
2018-04-25,43.89,,,,,2.5041666666666664,17.526788685524128,,,,,,,
2018-04-26,43.9,,,,,2.505,17.5249500998004,,,,,,,
2018-04-27,43.22,,,,,2.5058333333333334,17.247755237778517,,,,,,,
2018-04-30,42.79,,,,,2.5083333333333333,17.059136212624583,,,,,,,
2018-05-01,43.63,,,,,2.5091666666666663,17.388243108601795,,,,,,,
2018-05-02,43.15,2018-05-02,2.51,0.0,actual,2.51,17.191235059760956,,,,,,,
2018-05-03,40.21,,,,,2.511208791208791,16.012208997024334,,,,,,,
2018-05-04,39.99,,,,,2.5124175824175823,15.91694003411626,,,,,,,
2018-05-07,39.1,,,,,2.516043956043956,15.540269042627536,,,,,,,
2018-05-08,39.51,,,,,2.517252747252748,15.695682542454268,,,,,,,
2018-05-09,38.99,,,,,2.5184615384615383,15.481673793524742,,,,,,,
2018-05-10,39.26,,,,,2.5196703296703293,15.581403462863625,,,,,,,
2018-05-11,39.32,,,,,2.520879120879121,15.597733217088056,,,,,,,
2018-05-14,39.12,,,,,2.5245054945054943,15.496104122230443,,,,,,,
2018-05-15,39.82,,,,,2.5257142857142854,15.7658371040724,,,,,,,
2018-05-16,40.08,,,,,2.526923076923077,15.861187214611872,,,,,,,
2018-05-17,40.18,,,,,2.528131868131868,15.893158306528733,,,,,,,
2018-05-18,40.17,,,,,2.52934065934066,15.881609245340398,,,,,,,
2018-05-21,40.5,,,,,2.532967032967033,15.989154013015185,,,,,,,
2018-05-22,40.85,,,,,2.534175824175824,16.1196392177269,,,,,,,
2018-05-23,41.06,,,,,2.535384615384616,16.194781553398055,,,,,,,
2018-05-24,41.22,,,,,2.5365934065934064,16.250140796256986,,,,,,,
2018-05-25,41.2,,,,,2.537802197802198,16.234519788689703,,,,,,,
2018-05-29,40.96,,,,,2.5426373626373624,16.109257498487338,,,,,,,
2018-05-30,41.72,,,,,2.543846153846154,16.400362866646507,,,,,,,
2018-05-31,41.38,,,,,2.545054945054945,16.25898100172712,,,,,,,
2018-06-01,41.51,,,,,2.5462637362637364,16.30231755211255,,,,,,,
2018-06-04,41.93,,,,,2.54989010989011,16.44384588863989,,,,,,,
2018-06-05,41.85,,,,,2.551098901098901,16.40469524014646,,,,,,,
2018-06-06,41.98,,,,,2.5523076923076924,16.447860156720914,,,,,,,
2018-06-07,41.47,,,,,2.5535164835164834,16.240349442699145,,,,,,,
2018-06-08,41.91,,,,,2.5547252747252744,16.40489504473503,,,,,,,
2018-06-11,42.17,,,,,2.5583516483516484,16.48326961900262,,,,,,,
2018-06-12,42.15,,,,,2.5595604395604394,16.46767130345183,,,,,,,
2018-06-13,42.55,,,,,2.560769230769231,16.61610093121057,,,,,,,
2018-06-14,42.6,,,,,2.561978021978022,16.627777301192417,,,,,,,
2018-06-15,43.24,,,,,2.563186813186813,16.86962486602358,,,,,,,
2018-06-18,43.56,,,,,2.566813186813187,16.97045979964038,,,,,,,
2018-06-19,43.29,,,,,2.568021978021978,16.857332363387393,,,,,,,
2018-06-20,42.99,,,,,2.569230769230769,16.732634730538926,,,,,,,
2018-06-21,42.67,,,,,2.5704395604395605,16.60027360950793,,,,,,,
2018-06-22,42.41,,,,,2.5716483516483515,16.491368259123153,,,,,,,
2018-06-25,41.85,,,,,2.575274725274725,16.25069340729678,,,,,,,
2018-06-26,42.11,,,,,2.5764835164835165,16.343981915891835,,,,,,,
2018-06-27,41.21,,,,,2.5776923076923075,15.98716800954939,,,,,,,
2018-06-28,41.29,,,,,2.578901098901099,16.010695415033236,,,,,,,
2018-06-29,40.87,,,,,2.58010989010989,15.840410579666935,,,,,,,
2018-07-02,41.39,,,,,2.583736263736264,16.019436883293636,,,,,,,
2018-07-03,41.74,,,,,2.584945054945055,16.1473451515538,,,,,,,
2018-07-05,42.09,,,,,2.587362637362637,16.26753026120196,,,,,,,
2018-07-06,42.3,,,,,2.5885714285714285,16.341059602649008,,,,,,,
2018-07-09,42.17,,,,,2.592197802197802,16.268048666751454,,,,,,,
2018-07-10,41.85,,,,,2.593406593406593,16.137076271186444,,,,,,,
2018-07-11,41.84,,,,,2.5946153846153845,16.12570412096057,,,,,,,
2018-07-12,41.89,,,,,2.595824175824176,16.13745660824655,,,,,,,
2018-07-13,41.3,,,,,2.597032967032967,15.902763085516014,,,,,,,
2018-07-16,40.72,,,,,2.600659340659341,15.657567818811795,,,,,,,
2018-07-17,41.02,,,,,2.601868131868132,15.765595303459053,,,,,,,
2018-07-18,40.99,,,,,2.603076923076923,15.746749408983453,,,,,,,
2018-07-19,41.14,,,,,2.6042857142857145,15.7970378496983,,,,,,,
2018-07-20,41.17,,,,,2.6054945054945056,15.801223112610714,,,,,,,
2018-07-23,41.07,,,,,2.609120879120879,15.74093417007118,,,,,,,
2018-07-24,40.71,,,,,2.6103296703296706,15.595731245263954,,,,,,,
2018-07-25,41.1,,,,,2.6115384615384616,15.737849779086892,,,,,,,
2018-07-26,41.46,,,,,2.612747252747253,15.86835464333782,,,,,,,
2018-07-27,41.22,,,,,2.613956043956044,15.769201664774876,,,,,,,
2018-07-30,40.38,,,,,2.6175824175824176,15.426448362720404,,,,,,,
2018-07-31,40.67,,,,,2.618791208791209,15.53006588057572,,,,,,,
2018-08-01,40.63,2018-08-01,2.62,0.0,actual,2.62,15.50763358778626,,,,,,,
2018-08-02,38.73,,,,,2.620612244897959,14.778989175297871,,,,,,,
2018-08-03,37.84,,,,,2.6212244897959183,14.436001245717849,,,,,,,
2018-08-06,38.51,,,,,2.623061224489796,14.681319536295028,,,,,,,
2018-08-07,38.66,,,,,2.623673469387755,14.735065339141256,,,,,,,
2018-08-08,37.84,,,,,2.6242857142857146,14.419161676646706,,,,,,,
2018-08-09,37.68,,,,,2.6248979591836736,14.354843725703622,,,,,,,
2018-08-10,37.41,,,,,2.6255102040816327,14.248659152739991,,,,,,,
2018-08-13,37.13,,,,,2.6273469387755104,14.132126767127543,,,,,,,
2018-08-14,37.32,,,,,2.627959183673469,14.201133804457562,,,,,,,
2018-08-15,37.24,,,,,2.628571428571429,14.167391304347824,,,,,,,
2018-08-16,37.8,,,,,2.629183673469388,14.377086082434213,,,,,,,
2018-08-17,37.93,,,,,2.629795918367347,14.423172435200993,,,,,,,
2018-08-20,37.69,,,,,2.6316326530612244,14.321907716169058,,,,,,,
2018-08-21,37.57,,,,,2.632244897959184,14.272988060164366,,,,,,,
2018-08-22,37.24,,,,,2.632857142857143,14.144329896907216,,,,,,,
2018-08-23,36.67,,,,,2.633469387755102,13.92459702417855,,,,,,,
2018-08-24,37.02,,,,,2.634081632653061,14.05423413651507,,,,,,,
2018-08-27,37.25,,,,,2.635918367346939,14.131697119851347,,,,,,,
2018-08-28,36.93,,,,,2.636530612244898,14.007043888845883,,,,,,,
2018-08-29,36.99,,,,,2.637142857142857,14.026543878656556,,,,,,,
2018-08-30,37.27,,,,,2.6377551020408165,14.12943907156673,,,,,,,
2018-08-31,37.35,,,,,2.638367346938776,14.156482054455443,,,,,,,
2018-09-04,37.44,,,,,2.6408163265306124,14.1774343122102,,,,,,,
2018-09-05,37.97,,,,,2.6414285714285715,14.37479718766901,,,,,,,
2018-09-06,37.81,,,,,2.6420408163265305,14.31090684381276,,,,,,,
2018-09-07,37.83,,,,,2.64265306122449,14.31515947177388,,,,,,,
2018-09-10,38.0,,,,,2.644489795918368,14.369501466275658,,,,,,,
2018-09-11,38.16,,,,,2.645102040816327,14.42666460921225,,,,,,,
2018-09-12,39.16,,,,,2.645714285714286,14.801295896328291,,,,,,,
2018-09-13,38.99,,,,,2.646326530612245,14.733631526181847,,,,,,,
2018-09-14,40.15,,,,,2.646938775510204,15.16846569005397,,,,,,,
2018-09-17,40.76,,,,,2.6487755102040818,15.388242545650664,,,,,,,
2018-09-18,41.31,,,,,2.649387755102041,15.592281620705592,,,,,,,
2018-09-19,41.41,,,,,2.65,15.626415094339622,,,,,,,
2018-09-20,41.66,,,,,2.6506122448979594,15.717123498614102,,,,,,,
2018-09-21,41.87,,,,,2.6512244897959185,15.792702640289429,,,,,,,
2018-09-24,41.62,,,,,2.653061224489796,15.68753846153846,,,,,,,
2018-09-25,41.8,,,,,2.653673469387756,15.751749596247016,,,,,,,
2018-09-26,40.22,,,,,2.6542857142857144,15.152852529601722,,,,,,,
2018-09-27,39.87,,,,,2.654897959183673,15.017526327926822,,,,,,,
2018-09-28,40.14,,,,,2.655510204081633,15.115739317553029,,,,,,,
2018-10-01,39.45,,,,,2.65734693877551,14.845633975885107,,,,,,,
2018-10-02,38.85,,,,,2.6579591836734697,14.616477272727272,,,,,,,
2018-10-03,38.67,,,,,2.658571428571429,14.545405695862438,,,,,,,
2018-10-04,38.92,,,,,2.659183673469388,14.636070606293169,,,,,,,
2018-10-05,38.52,,,,,2.659795918367347,14.482314125680965,,,,,,,
2018-10-08,38.28,,,,,2.6616326530612247,14.382149976997392,,,,,,,
2018-10-09,38.16,,,,,2.662244897959184,14.3337677270985,,,,,,,
2018-10-10,37.37,,,,,2.662857142857143,14.033798283261802,,,,,,,
2018-10-11,36.12,,,,,2.6634693877551023,13.561259673588228,,,,,,,
2018-10-12,35.97,,,,,2.6640816326530614,13.501838516929675,,,,,,,
2018-10-15,36.14,,,,,2.665918367346939,13.556304064916176,,,,,,,
2018-10-16,36.66,,,,,2.666530612244898,13.748201438848918,,,,,,,
2018-10-17,36.88,,,,,2.6671428571428573,13.827530798071772,,,,,,,
2018-10-18,36.3,,,,,2.6677551020408163,13.606946144430845,,,,,,,
2018-10-19,35.92,,,,,2.668367346938776,13.461414913957936,,,,,,,
2018-10-22,35.85,,,,,2.670204081632653,13.425940079486397,,,,,,,
2018-10-23,35.71,,,,,2.670816326530612,13.37044395201345,,,,,,,
2018-10-24,34.78,,,,,2.671428571428572,13.019251336898392,,,,,,,
2018-10-25,34.81,,,,,2.672040816326531,13.027495608340336,,,,,,,
2018-10-26,34.2,,,,,2.67265306122449,12.796273671350033,,,,,,,
2018-10-29,33.58,,,,,2.674489795918368,12.55566577642121,,,,,,,
2018-10-30,34.45,,,,,2.675102040816326,12.878013426914864,,,,,,,
2018-10-31,35.1,,,,,2.6757142857142857,13.117992525360386,,,,,,,
2018-11-01,35.75,,,,,2.676326530612245,13.357861827055055,,,,,,,
2018-11-02,36.08,,,,,2.6769387755102043,13.478081878478308,,,,,,,
2018-11-05,36.11,,,,,2.678775510204082,13.480039616029252,,,,,,,
2018-11-06,35.42,,,,,2.679387755102041,13.21943788559677,,,,,,,
2018-11-07,35.93,2018-11-07,2.68,0.0,actual,2.68,13.406716417910449,,,,,,,
2018-11-08,36.27,,,,,2.6842857142857146,13.511974454497071,,,,,,,
2018-11-09,36.71,,,,,2.6885714285714286,13.654091392136026,,,,,,,
2018-11-12,36.84,,,,,2.7014285714285715,13.637228979375992,,,,,,,
2018-11-13,36.99,,,,,2.705714285714286,13.671066525871172,,,,,,,
2018-11-14,37.07,,,,,2.71,13.678966789667896,,,,,,,
2018-11-15,36.7,,,,,2.7142857142857144,13.521052631578948,,,,,,,
2018-11-16,36.72,,,,,2.718571428571429,13.507094062007354,,,,,,,
2018-11-19,36.29,,,,,2.731428571428572,13.286087866108783,,,,,,,
2018-11-20,34.92,,,,,2.7357142857142858,12.7644908616188,,,,,,,
2018-11-21,35.36,,,,,2.74,12.905109489051094,,,,,,,
2018-11-23,35.13,,,,,2.7485714285714287,12.781185031185032,,,,,,,
2018-11-26,35.11,,,,,2.761428571428572,12.714433523021208,,,,,,,
2018-11-27,34.74,,,,,2.765714285714286,12.56095041322314,,,,,,,
2018-11-28,35.43,,,,,2.77,12.790613718411551,,,,,,,
2018-11-29,34.63,,,,,2.7742857142857145,12.48249227600412,,,,,,,
2018-11-30,35.07,,,,,2.7785714285714285,12.621593830334191,,,,,,,
2018-12-03,35.28,,,,,2.791428571428572,12.63868986693961,,,,,,,
2018-12-04,33.56,,,,,2.795714285714286,12.00408788962698,,,,,,,
2018-12-06,33.19,,,,,2.8042857142857143,11.835455934793682,,,,,,,
2018-12-07,32.46,,,,,2.8085714285714287,11.557477110885046,,,,,,,
2018-12-10,31.88,,,,,2.821428571428572,11.299240506329111,,,,,,,
2018-12-11,32.7,,,,,2.8257142857142856,11.572295247724975,,,,,,,
2018-12-12,33.61,,,,,2.83,11.876325088339222,,,,,,,
2018-12-13,33.84,,,,,2.8342857142857145,11.939516129032258,,,,,,,
2018-12-14,33.4,,,,,2.8385714285714285,11.766482133870156,,,,,,,
2018-12-17,32.46,,,,,2.8514285714285714,11.38376753507014,,,,,,,
2018-12-18,32.73,,,,,2.855714285714286,11.461230615307652,,,,,,,
2018-12-19,32.86,,,,,2.86,11.48951048951049,,,,,,,
2018-12-20,31.96,,,,,2.8642857142857143,11.158104738154613,,,,,,,
2018-12-21,30.95,,,,,2.8685714285714288,10.789342629482071,,,,,,,
2018-12-24,30.77,,,,,2.8814285714285712,10.678730788299456,,,,,,,
2018-12-26,31.57,,,,,2.89,10.923875432525952,,,,,,,
2018-12-27,31.89,,,,,2.894285714285714,11.018262586377098,,,,,,,
2018-12-28,31.6,,,,,2.898571428571429,10.901922129127648,,,,,,,
2018-12-31,31.77,,,,,2.9114285714285715,10.91216879293425,,,,,,,
2019-01-02,32.04,,,,,2.92,10.972602739726028,,,,,,,
2019-01-03,31.47,,,,,2.9242857142857144,10.761602344894968,,,,,,,
2019-01-04,32.69,,,,,2.9285714285714284,11.162439024390244,,,,,,,
2019-01-07,32.74,,,,,2.941428571428572,11.130645944633317,,,,,,,
2019-01-08,33.59,,,,,2.9457142857142857,11.403006789524737,,,,,,,
2019-01-09,33.5,,,,,2.95,11.35593220338983,,,,,,,
2019-01-10,33.62,,,,,2.954285714285714,11.380077369439071,,,,,,,
2019-01-11,33.79,,,,,2.9585714285714286,11.421052631578949,,,,,,,
2019-01-14,33.5,,,,,2.9714285714285715,11.274038461538462,,,,,,,
2019-01-15,33.93,,,,,2.975714285714285,11.402304368698994,,,,,,,
2019-01-16,34.43,,,,,2.98,11.553691275167786,,,,,,,
2019-01-17,35.31,,,,,2.984285714285714,11.831977022498805,,,,,,,
2019-01-18,35.22,,,,,2.9885714285714284,11.7848948374761,,,,,,,
2019-01-22,34.82,,,,,3.005714285714286,11.584600760456274,,,,,,,
2019-01-23,34.87,,,,,3.01,11.584717607973422,,,,,,,
2019-01-24,35.63,,,,,3.0142857142857142,11.820379146919432,,,,,,,
2019-01-25,35.96,,,,,3.0185714285714287,11.91292001893043,,,,,,,
2019-01-28,35.23,,,,,3.031428571428571,11.621583411875587,,,,,,,
2019-01-29,34.84,,,,,3.0357142857142856,11.476705882352944,,,,,,,
2019-01-30,35.43,,,,,3.04,11.654605263157894,,,,,,,
2019-01-31,36.19,,,,,3.044285714285714,11.887846081651809,,,,,,,
2019-02-01,36.36,,,,,3.0485714285714285,11.926897844423618,,,,,,,
2019-02-04,36.76,,,,,3.0614285714285714,12.007466168922072,,,,,,,
2019-02-05,36.65,,,,,3.0657142857142854,11.95479962721342,,,,,,,
2019-02-06,36.03,2019-02-06,3.07,0.0,actual,3.07,11.736156351791532,,,,,,,
2019-02-07,40.9,,,,,3.0715476190476187,13.315762954924228,,,,,,,
2019-02-08,41.25,,,,,3.073095238095238,13.422948787479662,,,,,,,
2019-02-11,40.93,,,,,3.077738095238096,13.298727420415425,,,,,,,
2019-02-12,41.3,,,,,3.079285714285714,13.4122013453955,,,,,,,
2019-02-13,41.14,,,,,3.080833333333333,13.35352988909927,,,,,,,
2019-02-14,41.45,,,,,3.0823809523809524,13.447396879344971,,,,,,,
2019-02-15,41.25,,,,,3.083928571428572,13.375796178343949,,,,,,,
2019-02-19,41.8,,,,,3.0901190476190474,13.52698693993913,,,,,,,
2019-02-20,40.91,,,,,3.091666666666667,13.232345013477088,,,,,,,
2019-02-21,41.65,,,,,3.0932142857142857,13.464957857060384,,,,,,,
2019-02-22,42.37,,,,,3.0947619047619046,13.690875519310664,,,,,,,
2019-02-25,41.97,,,,,3.0994047619047618,13.541309775302478,,,,,,,
2019-02-26,41.65,,,,,3.1009523809523807,13.431357493857494,,,,,,,
2019-02-27,41.68,,,,,3.1025,13.434327155519744,,,,,,,
2019-02-28,41.55,,,,,3.104047619047619,13.385748254966632,,,,,,,
2019-03-01,41.82,,,,,3.105595238095238,13.466017556637407,,,,,,,
2019-03-04,41.33,,,,,3.110238095238095,13.288371736967006,,,,,,,
2019-03-05,41.32,,,,,3.1117857142857144,13.278549294158154,,,,,,,
2019-03-06,41.28,,,,,3.1133333333333333,13.259100642398288,,,,,,,
2019-03-07,41.0,,,,,3.114880952380952,13.162621823046054,,,,,,,
2019-03-08,41.15,,,,,3.1164285714285715,13.204217281686912,,,,,,,
2019-03-11,41.86,,,,,3.1210714285714287,13.412060876530497,,,,,,,
2019-03-12,41.57,,,,,3.122619047619048,13.312542889820817,,,,,,,
2019-03-13,41.51,,,,,3.1241666666666665,13.286743131501732,,,,,,,
2019-03-14,41.36,,,,,3.125714285714286,13.23217550274223,,,,,,,
2019-03-15,41.45,,,,,3.127261904761905,13.254406334462676,,,,,,,
2019-03-18,41.85,,,,,3.131904761904762,13.362475292686636,,,,,,,
2019-03-19,41.51,,,,,3.133452380952381,13.247369020933856,,,,,,,
2019-03-20,41.08,,,,,3.135,13.103668261563,,,,,,,
2019-03-21,41.92,,,,,3.136547619047619,13.365013094469958,,,,,,,
2019-03-22,41.28,,,,,3.138095238095238,13.154476479514416,,,,,,,
2019-03-25,40.84,,,,,3.142738095238095,12.995037690821624,,,,,,,
2019-03-26,41.23,,,,,3.144285714285714,13.112676056338028,,,,,,,
2019-03-27,41.8,,,,,3.145833333333333,13.287417218543046,,,,,,,
2019-03-28,42.04,,,,,3.1473809523809524,13.357137453665178,,,,,,,
2019-03-29,42.3,,,,,3.148928571428572,13.433140523987747,,,,,,,
2019-04-01,43.48,,,,,3.1535714285714285,13.787542468856172,,,,,,,
2019-04-02,43.58,,,,,3.155119047619048,13.812474059540428,,,,,,,
2019-04-03,43.67,,,,,3.1566666666666667,13.834213305174234,,,,,,,
2019-04-04,43.99,,,,,3.1582142857142856,13.928757209091938,,,,,,,
2019-04-05,44.36,,,,,3.159761904761905,14.039032476829176,,,,,,,
2019-04-08,44.02,,,,,3.164404761904762,13.910989052330612,,,,,,,
2019-04-09,43.46,,,,,3.165952380952381,13.727306911333384,,,,,,,
2019-04-10,44.12,,,,,3.1675,13.928966061562743,,,,,,,
2019-04-11,44.78,,,,,3.16904761904762,14.13042824943651,,,,,,,
2019-04-12,44.71,,,,,3.1705952380952382,14.101453084519203,,,,,,,
2019-04-15,44.5,,,,,3.1752380952380954,14.01469706058788,,,,,,,
2019-04-16,44.39,,,,,3.1767857142857143,13.973243395165824,,,,,,,
2019-04-17,44.45,,,,,3.1783333333333337,13.985317252228633,,,,,,,
2019-04-18,43.81,,,,,3.1798809523809526,13.777245329639474,,,,,,,
2019-04-22,43.79,,,,,3.1860714285714287,13.744199080820534,,,,,,,
2019-04-23,44.98,,,,,3.187619047619048,14.110845533313412,,,,,,,
2019-04-24,45.0,,,,,3.189166666666667,14.110269140318788,,,,,,,
2019-04-25,44.29,,,,,3.190714285714286,13.880904410118648,,,,,,,
2019-04-26,44.44,,,,,3.1922619047619047,13.921163527876187,,,,,,,
2019-04-29,44.88,,,,,3.196904761904762,14.038578982646904,,,,,,,
2019-04-30,44.65,,,,,3.1984523809523813,13.959876428332151,,,,,,,
2019-05-01,44.64,2019-05-01,3.2,0.0,actual,3.2,13.95,,,,,,,
2019-05-02,47.94,,,,,3.2012244897959183,14.975519571592502,,,,,,,
2019-05-03,46.29,,,,,3.202448979591837,14.454562834565383,,,,,,,
2019-05-06,47.33,,,,,3.206122448979592,14.762380649267982,,,,,,,
2019-05-07,46.33,,,,,3.2073469387755105,14.444960549758209,,,,,,,
2019-05-08,46.41,,,,,3.2085714285714286,14.464381121994656,,,,,,,
2019-05-09,46.2,,,,,3.2097959183673472,14.393438453713122,,,,,,,
2019-05-10,46.33,,,,,3.2110204081632654,14.428435235795092,,,,,,,
2019-05-13,45.18,,,,,3.2146938775510208,14.05421533773489,,,,,,,
2019-05-14,45.14,,,,,3.215918367346939,14.036425942378472,,,,,,,
2019-05-15,46.03,,,,,3.217142857142857,14.30772646536412,,,,,,,
2019-05-16,46.36,,,,,3.218367346938776,14.40481927710843,,,,,,,
2019-05-17,45.49,,,,,3.219591836734694,14.129120182555782,,,,,,,
2019-05-20,45.66,,,,,3.223265306122449,14.16575914904394,,,,,,,
2019-05-21,45.89,,,,,3.224489795918368,14.231708860759491,,,,,,,
2019-05-22,46.02,,,,,3.225714285714286,14.266607617360496,,,,,,,
2019-05-23,45.22,,,,,3.226938775510204,14.013281052365292,,,,,,,
2019-05-24,45.38,,,,,3.2281632653061227,14.05752939688962,,,,,,,
2019-05-28,45.0,,,,,3.233061224489796,13.918697134200228,,,,,,,
2019-05-29,45.09,,,,,3.2342857142857144,13.941254416961131,,,,,,,
2019-05-30,45.1,,,,,3.2355102040816326,13.939069004667592,,,,,,,
2019-05-31,44.85,,,,,3.236734693877551,13.85655737704918,,,,,,,
2019-06-03,44.14,,,,,3.240408163265306,13.621740773397152,,,,,,,
2019-06-04,45.75,,,,,3.2416326530612247,14.113258625031476,,,,,,,
2019-06-05,45.35,,,,,3.242857142857143,13.984581497797356,,,,,,,
2019-06-06,45.24,,,,,3.244081632653061,13.945395067941622,,,,,,,
2019-06-07,46.41,,,,,3.24530612244898,14.300654005785432,,,,,,,
2019-06-10,46.78,,,,,3.2489795918367346,14.398366834170854,,,,,,,
2019-06-11,46.93,,,,,3.250204081632653,14.43909330654276,,,,,,,
2019-06-12,47.4,,,,,3.251428571428572,14.578207381370824,,,,,,,
2019-06-13,47.3,,,,,3.25265306122449,14.541975153720664,,,,,,,
2019-06-14,47.21,,,,,3.253877551020408,14.508843452082289,,,,,,,
2019-06-17,47.14,,,,,3.2575510204081635,14.47099360982333,,,,,,,
2019-06-18,48.0,,,,,3.2587755102040816,14.729458917835672,,,,,,,
2019-06-19,48.36,,,,,3.26,14.83435582822086,,,,,,,
2019-06-20,48.77,,,,,3.2612244897959184,14.954505632040052,,,,,,,
2019-06-21,48.49,,,,,3.262448979591837,14.863067684223696,,,,,,,
2019-06-24,48.1,,,,,3.266122448979592,14.726943264183951,,,,,,,
2019-06-25,48.06,,,,,3.26734693877551,14.709181761399126,,,,,,,
2019-06-26,48.29,,,,,3.2685714285714287,14.77403846153846,,,,,,,
2019-06-27,48.58,,,,,3.269795918367347,14.857196355011858,,,,,,,
2019-06-28,48.83,,,,,3.271020408163265,14.92806338906913,,,,,,,
2019-07-01,48.82,,,,,3.2746938775510204,14.908263741742491,,,,,,,
2019-07-02,48.73,,,,,3.2759183673469385,14.875218041365562,,,,,,,
2019-07-03,49.3,,,,,3.277142857142857,15.043591979075847,,,,,,,
2019-07-05,49.22,,,,,3.279591836734694,15.007965152457995,,,,,,,
2019-07-08,49.13,,,,,3.283265306122449,14.963761810044756,,,,,,,
2019-07-09,49.04,,,,,3.2844897959183674,14.930781657760656,,,,,,,
2019-07-10,49.41,,,,,3.2857142857142856,15.03782608695652,,,,,,,
2019-07-11,48.4,,,,,3.286938775510204,14.72494722463678,,,,,,,
2019-07-12,48.82,,,,,3.2881632653061224,14.84719463753724,,,,,,,
2019-07-15,48.99,,,,,3.2918367346938773,14.882269063856173,,,,,,,
2019-07-16,48.92,,,,,3.293061224489796,14.855478433316808,,,,,,,
2019-07-17,48.39,,,,,3.294285714285714,14.689071986123158,,,,,,,
2019-07-18,49.06,,,,,3.2955102040816326,14.886920980926432,,,,,,,
2019-07-19,48.6,,,,,3.296734693877551,14.741859601337133,,,,,,,
2019-07-22,48.77,,,,,3.300408163265306,14.77696017808558,,,,,,,
2019-07-23,49.06,,,,,3.3016326530612243,14.859315119297811,,,,,,,
2019-07-24,50.57,,,,,3.302857142857143,15.31098615916955,,,,,,,
2019-07-25,51.27,,,,,3.304081632653061,15.51717109326745,,,,,,,
2019-07-26,51.84,,,,,3.30530612244898,15.683872561126204,,,,,,,
2019-07-29,52.25,,,,,3.308979591836734,15.790366350067846,,,,,,,
2019-07-30,51.69,,,,,3.310204081632653,15.615351418002469,,,,,,,
2019-07-31,51.24,,,,,3.3114285714285714,15.473684210526317,,,,,,,
2019-08-01,51.16,,,,,3.312653061224489,15.443814687037952,,,,,,,
2019-08-02,50.28,,,,,3.313877551020408,15.17255819682227,,,,,,,
2019-08-05,47.96,,,,,3.317551020408163,14.456446850393702,,,,,,,
2019-08-06,48.82,,,,,3.3187755102040817,14.710244742344114,,,,,,,
2019-08-07,48.46,2019-08-07,3.32,0.0,actual,3.32,14.596385542168676,,,,,,,
2019-08-08,50.97,,,,,3.322142857142857,15.34250698774457,,,,,,,
2019-08-09,50.47,,,,,3.3242857142857143,15.182208852599912,,,,,,,
2019-08-12,50.14,,,,,3.330714285714285,15.053828007720355,,,,,,,
2019-08-13,50.49,,,,,3.3328571428571427,15.149164166309474,,,,,,,
2019-08-14,50.16,,,,,3.335,15.04047976011994,,,,,,,
2019-08-15,51.74,,,,,3.337142857142857,15.504280821917808,,,,,,,
2019-08-16,52.7,,,,,3.339285714285714,15.781818181818185,,,,,,,
2019-08-19,52.44,,,,,3.3457142857142856,15.673783091374894,,,,,,,
2019-08-20,53.06,,,,,3.347857142857143,15.848943887347984,,,,,,,
2019-08-21,53.58,,,,,3.35,15.994029850746267,,,,,,,
2019-08-22,53.05,,,,,3.352142857142857,15.825697847858514,,,,,,,
2019-08-23,51.79,,,,,3.354285714285714,15.439948892674618,,,,,,,
2019-08-26,52.06,,,,,3.3607142857142858,15.49075451647184,,,,,,,
2019-08-27,51.98,,,,,3.3628571428571425,15.457094307561595,,,,,,,
2019-08-28,52.34,,,,,3.365,15.554234769687964,,,,,,,
2019-08-29,53.07,,,,,3.367142857142857,15.761137038608402,,,,,,,
2019-08-30,53.88,,,,,3.369285714285714,15.991520033919866,,,,,,,
2019-09-03,53.09,,,,,3.3778571428571427,15.71706491858744,,,,,,,
2019-09-04,53.15,,,,,3.38,15.724852071005918,,,,,,,
2019-09-05,54.26,,,,,3.382142857142857,16.04308342133052,,,,,,,
2019-09-06,53.68,,,,,3.3842857142857143,15.8615449556775,,,,,,,
2019-09-09,53.11,,,,,3.3907142857142856,15.663366336633665,,,,,,,
2019-09-10,52.75,,,,,3.392857142857143,15.547368421052632,,,,,,,
2019-09-11,53.78,,,,,3.395,15.840942562592048,,,,,,,
2019-09-12,53.41,,,,,3.397142857142857,15.722035323801514,,,,,,,
2019-09-13,52.89,,,,,3.399285714285714,15.55915108216012,,,,,,,
2019-09-16,52.1,,,,,3.4057142857142857,15.297818791946307,,,,,,,
2019-09-17,53.1,,,,,3.407857142857143,15.58163906937749,,,,,,,
2019-09-18,53.55,,,,,3.41,15.703812316715542,,,,,,,
2019-09-19,53.54,,,,,3.412142857142857,15.691019468285536,,,,,,,
2019-09-20,52.93,,,,,3.414285714285714,15.502510460251049,,,,,,,
2019-09-23,51.82,,,,,3.420714285714286,15.148882856546251,,,,,,,
2019-09-24,51.51,,,,,3.4228571428571426,15.04883138564274,,,,,,,
2019-09-25,51.78,,,,,3.425,15.118248175182485,,,,,,,
2019-09-26,51.8,,,,,3.427142857142857,15.11463109629012,,,,,,,
2019-09-27,51.32,,,,,3.4292857142857143,14.965215580087484,,,,,,,
2019-09-30,51.68,,,,,3.435714285714285,15.041995841995844,,,,,,,
2019-10-01,50.92,,,,,3.4378571428571427,14.81155204654062,,,,,,,
2019-10-02,51.02,,,,,3.44,14.83139534883721,,,,,,,
2019-10-03,51.19,,,,,3.442142857142857,14.871550114131562,,,,,,,
2019-10-04,51.99,,,,,3.4442857142857144,15.094566569888013,,,,,,,
2019-10-07,51.7,,,,,3.4507142857142856,14.982405299109915,,,,,,,
2019-10-08,50.11,,,,,3.452857142857143,14.512618949110468,,,,,,,
2019-10-09,51.09,,,,,3.455,14.78726483357453,,,,,,,
2019-10-10,51.32,,,,,3.4571428571428573,14.844628099173551,,,,,,,
2019-10-11,52.12,,,,,3.459285714285714,15.066694197811277,,,,,,,
2019-10-14,51.51,,,,,3.4657142857142857,14.862737015663644,,,,,,,
2019-10-15,51.42,,,,,3.467857142857143,14.827600411946449,,,,,,,
2019-10-16,51.1,,,,,3.47,14.72622478386167,,,,,,,
2019-10-17,51.24,,,,,3.472142857142857,14.75745731331002,,,,,,,
2019-10-18,50.57,,,,,3.474285714285714,14.555509868421051,,,,,,,
2019-10-21,51.14,,,,,3.480714285714286,14.692386620151856,,,,,,,
2019-10-22,50.21,,,,,3.4828571428571427,14.416324856439706,,,,,,,
2019-10-23,50.0,,,,,3.485,14.347202295552368,,,,,,,
2019-10-24,50.36,,,,,3.487142857142857,14.441622285948382,,,,,,,
2019-10-25,49.89,,,,,3.4892857142857143,14.298055271238486,,,,,,,
2019-10-28,50.96,,,,,3.4957142857142856,14.577850429096854,,,,,,,
2019-10-29,52.18,,,,,3.4978571428571428,14.91770471717378,,,,,,,
2019-10-30,52.22,2019-10-30,3.5,0.0,actual,3.5,14.92,,,,,,,
2019-10-31,57.64,,,,,3.5003061224489795,16.467131154709502,,,,,,,
2019-11-01,56.45,,,,,3.500612244897959,16.12575059756311,,,,,,,
2019-11-04,57.17,,,,,3.501530612244898,16.327145563164795,,,,,,,
2019-11-05,56.64,,,,,3.5018367346938777,16.17436913573052,,,,,,,
2019-11-06,56.08,,,,,3.502142857142857,16.013053232714665,,,,,,,
2019-11-07,55.53,,,,,3.5024489795918368,15.854620673581168,,,,,,,
2019-11-08,55.25,,,,,3.5027551020408163,15.773297987007313,,,,,,,
2019-11-11,56.02,,,,,3.503673469387755,15.988932898415658,,,,,,,
2019-11-12,56.15,,,,,3.5039795918367345,16.02463671044585,,,,,,,
2019-11-13,56.17,,,,,3.5042857142857144,16.028944150020383,,,,,,,
2019-11-14,56.78,,,,,3.504591836734694,16.201601397583346,,,,,,,
2019-11-15,57.02,,,,,3.504897959183673,16.26866193082567,,,,,,,
2019-11-18,57.58,,,,,3.505816326530612,16.4241348196874,,,,,,,
2019-11-19,58.01,,,,,3.506122448979592,16.5453434225844,,,,,,,
2019-11-20,57.91,,,,,3.5064285714285712,16.51537991444286,,,,,,,
2019-11-21,57.41,,,,,3.5067346938775508,16.371355409416285,,,,,,,
2019-11-22,56.34,,,,,3.5070408163265308,16.064825860513835,,,,,,,
2019-11-25,56.67,,,,,3.5079591836734694,16.15469195415673,,,,,,,
2019-11-26,57.41,,,,,3.508265306122449,16.36421279194904,,,,,,,
2019-11-27,57.34,,,,,3.5085714285714285,16.3428338762215,,,,,,,
2019-11-29,57.19,,,,,3.5091836734693875,16.297237569060773,,,,,,,
2019-12-02,56.55,,,,,3.5101020408163266,16.110642751242768,,,,,,,
2019-12-03,56.72,,,,,3.510408163265306,16.15766525202023,,,,,,,
2019-12-04,56.31,,,,,3.5107142857142857,16.039471007121058,,,,,,,
2019-12-05,57.07,,,,,3.511020408163265,16.254533829342012,,,,,,,
2019-12-06,57.05,,,,,3.5113265306122448,16.247420882857227,,,,,,,
2019-12-09,56.52,,,,,3.512244897959184,16.09227193492156,,,,,,,
2019-12-10,55.96,,,,,3.512551020408164,15.93144118757807,,,,,,,
2019-12-11,55.54,,,,,3.512857142857143,15.810492069947133,,,,,,,
2019-12-12,55.25,,,,,3.5131632653061224,15.726567719074035,,,,,,,
2019-12-13,55.22,,,,,3.513469387755102,15.716658921933083,,,,,,,
2019-12-16,55.48,,,,,3.5143877551020406,15.786533492058885,,,,,,,
2019-12-17,51.86,,,,,3.51469387755102,14.755196841249566,,,,,,,
2019-12-18,52.28,,,,,3.515,14.87339971550498,,,,,,,
2019-12-19,51.74,,,,,3.51530612244898,14.718490566037737,,,,,,,
2019-12-20,51.7,,,,,3.515612244897959,14.705831132267146,,,,,,,
2019-12-23,52.2,,,,,3.516530612244898,14.844176194068831,,,,,,,
2019-12-24,52.41,,,,,3.5168367346938774,14.902596837371243,,,,,,,
2019-12-26,51.6,,,,,3.5174489795918364,14.66972237532999,,,,,,,
2019-12-27,51.55,,,,,3.5177551020408164,14.654232174972442,,,,,,,
2019-12-30,51.69,,,,,3.518673469387755,14.69019516863382,,,,,,,
2019-12-31,51.78,,,,,3.5189795918367346,14.71449283767326,,,,,,,
2020-01-02,52.31,,,,,3.5195918367346937,14.862518844949555,,,,,,,
2020-01-03,52.33,,,,,3.519897959183673,14.866908247572113,,,,,,,
2020-01-06,51.78,,,,,3.5208163265306123,14.7068166009738,,,,,,,
2020-01-07,50.79,,,,,3.521122448979592,14.42437766250326,,,,,,,
2020-01-08,51.13,,,,,3.521428571428572,14.519675456389452,,,,,,,
2020-01-09,51.84,,,,,3.521734693877551,14.720018543737144,,,,,,,
2020-01-10,51.37,,,,,3.5220408163265304,14.585293776799164,,,,,,,
2020-01-13,52.66,,,,,3.522959183673469,14.94766111513396,,,,,,,
2020-01-14,50.83,,,,,3.523265306122449,14.4269578313253,,,,,,,
2020-01-15,51.01,,,,,3.523571428571429,14.476788972227853,,,,,,,
2020-01-16,51.6,,,,,3.523877551020408,14.64296056060694,,,,,,,
2020-01-17,51.21,,,,,3.524183673469388,14.531024698149809,,,,,,,
2020-01-21,50.77,,,,,3.525408163265306,14.401169353671598,,,,,,,
2020-01-22,51.24,,,,,3.5257142857142854,14.533225283630472,,,,,,,
2020-01-23,51.66,,,,,3.5260204081632653,14.65107799160758,,,,,,,
2020-01-24,51.0,,,,,3.526326530612245,14.462642514034377,,,,,,,
2020-01-27,50.85,,,,,3.5272448979591835,14.416350854861577,,,,,,,
2020-01-28,51.3,,,,,3.527551020408163,14.542667052357537,,,,,,,
2020-01-29,51.11,,,,,3.5278571428571426,14.48754808665722,,,,,,,
2020-01-30,51.44,,,,,3.528163265306122,14.579824155483571,,,,,,,
2020-01-31,49.82,,,,,3.5284693877551017,14.119436652303422,,,,,,,
2020-02-03,50.34,,,,,3.5293877551020407,14.26309702787094,,,,,,,
2020-02-04,50.94,,,,,3.5296938775510203,14.431846434043536,,,,,,,
2020-02-05,51.93,2020-02-05,3.53,0.0,actual,3.53,14.711048158640228,,,,,,,
2020-02-06,50.9,,,,,3.5305494505494504,14.417019422310757,,,,,,,
2020-02-07,50.04,,,,,3.531098901098901,14.17122584259173,,,,,,,
2020-02-10,51.27,,,,,3.5327472527472525,14.512784621127288,,,,,,,
2020-02-11,51.75,,,,,3.533296703296703,14.646378253973191,,,,,,,
2020-02-12,51.77,,,,,3.5338461538461536,14.649760557248587,,,,,,,
2020-02-13,52.18,,,,,3.534395604395604,14.763485993222028,,,,,,,
2020-02-14,52.31,,,,,3.5349450549450547,14.797966923650836,,,,,,,
2020-02-18,52.3,,,,,3.537142857142857,14.7859450726979,,,,,,,
2020-02-19,52.74,,,,,3.5376923076923075,14.90802348336595,,,,,,,
2020-02-20,52.78,,,,,3.538241758241758,14.91701347909808,,,,,,,
2020-02-21,51.72,,,,,3.538791208791209,14.615160078253576,,,,,,,
2020-02-24,50.2,,,,,3.54043956043956,14.179030355701784,,,,,,,
2020-02-25,47.75,,,,,3.5409890109890108,13.484933122303945,,,,,,,
2020-02-26,47.37,,,,,3.5415384615384613,13.375543006081667,,,,,,,
2020-02-27,46.36,,,,,3.542087912087912,13.088325629013744,,,,,,,
2020-02-28,44.25,,,,,3.5426373626373624,12.49069421179974,,,,,,,
2020-03-02,45.56,,,,,3.544285714285714,12.854494155582428,,,,,,,
2020-03-03,45.3,,,,,3.5448351648351646,12.779155558311118,,,,,,,
2020-03-04,45.73,,,,,3.545384615384615,12.89845953569104,,,,,,,
2020-03-05,42.68,,,,,3.5459340659340657,12.03632081318954,,,,,,,
2020-03-06,43.07,,,,,3.546483516483516,12.144424131627058,,,,,,,
2020-03-09,39.59,,,,,3.548131868131868,11.15798439048563,,,,,,,
2020-03-10,41.49,,,,,3.5486813186813184,11.69166692472053,,,,,,,
2020-03-11,40.71,,,,,3.549230769230769,11.470091027308191,,,,,,,
2020-03-12,38.3,,,,,3.5497802197802195,10.789400365291147,,,,,,,
2020-03-13,40.87,,,,,3.55032967032967,11.51160703231398,,,,,,,
2020-03-16,40.32,,,,,3.5519780219780217,11.351421588342667,,,,,,,
2020-03-17,41.98,,,,,3.5525274725274723,11.816938876515714,,,,,,,
2020-03-18,44.01,,,,,3.553076923076923,12.38644728296168,,,,,,,
2020-03-19,41.34,,,,,3.5536263736263733,11.633186962706416,,,,,,,
2020-03-20,38.28,,,,,3.554175824175824,10.77042945923384,,,,,,,
2020-03-23,38.59,,,,,3.555824175824176,10.852617590704,,,,,,,
2020-03-24,39.22,,,,,3.5563736263736265,11.028087630936565,,,,,,,
2020-03-25,39.83,,,,,3.556923076923077,11.197880622837369,,,,,,,
2020-03-26,42.55,,,,,3.557472527472528,11.96073888734439,,,,,,,
2020-03-27,41.2,,,,,3.558021978021978,11.579467539687442,,,,,,,
2020-03-30,41.91,,,,,3.55967032967033,11.773562189361895,,,,,,,
2020-03-31,41.85,,,,,3.5602197802197804,11.754892277301067,,,,,,,
2020-04-01,40.79,,,,,3.560769230769231,11.455389933030892,,,,,,,
2020-04-02,40.9,,,,,3.561318681318681,11.484509997531474,,,,,,,
2020-04-03,41.32,,,,,3.561868131868132,11.600654058556753,,,,,,,
2020-04-06,44.63,,,,,3.563516483516484,12.52414579992599,,,,,,,
2020-04-07,43.7,,,,,3.564065934065934,12.261277094317515,,,,,,,
2020-04-08,45.63,,,,,3.5646153846153847,12.800820025895554,,,,,,,
2020-04-09,46.54,,,,,3.565164835164836,13.054094874086855,,,,,,,
2020-04-13,46.3,,,,,3.567362637362637,12.97877583710686,,,,,,,
2020-04-14,47.46,,,,,3.567912087912088,13.30189725267956,,,,,,,
2020-04-15,47.37,,,,,3.5684615384615386,13.274628152619098,,,,,,,
2020-04-16,46.99,,,,,3.569010989010989,13.16611244534762,,,,,,,
2020-04-17,47.82,,,,,3.56956043956044,13.39660745620786,,,,,,,
2020-04-20,47.82,,,,,3.571208791208792,13.390424026093912,,,,,,,
2020-04-21,45.77,,,,,3.571758241758242,12.814417130726396,,,,,,,
2020-04-22,46.55,,,,,3.5723076923076924,13.030792420327304,,,,,,,
2020-04-23,47.13,,,,,3.572857142857143,13.191123550579768,,,,,,,
2020-04-24,47.03,,,,,3.573406593406593,13.161110769420016,,,,,,,
2020-04-27,47.76,,,,,3.575054945054945,13.359235238065963,,,,,,,
2020-04-28,48.64,,,,,3.575604395604396,13.6032946093798,,,,,,,
2020-04-29,50.51,,,,,3.5761538461538462,14.12411271241127,,,,,,,
2020-04-30,48.58,,,,,3.576703296703297,13.58233992872066,,,,,,,
2020-05-01,48.19,,,,,3.577252747252748,13.471231530120107,,,,,,,
2020-05-04,47.53,,,,,3.578901098901099,13.280612871530336,,,,,,,
2020-05-05,47.88,,,,,3.579450549450549,13.376354649556385,,,,,,,
2020-05-06,48.88,2020-05-06,3.58,0.0,actual,3.58,13.653631284916202,,,,,,,
2020-05-07,46.39,,,,,3.5771428571428574,12.968450479233226,,,,,,,
2020-05-08,47.16,,,,,3.5742857142857143,13.194244604316546,,,,,,,
2020-05-11,46.33,,,,,3.565714285714286,12.993189102564102,,,,,,,
2020-05-12,44.33,,,,,3.5628571428571427,12.44226142742582,,,,,,,
2020-05-13,43.41,,,,,3.56,12.1938202247191,,,,,,,
2020-05-14,43.23,,,,,3.5571428571428574,12.15301204819277,,,,,,,
2020-05-15,43.57,,,,,3.5542857142857143,12.258440514469454,,,,,,,
2020-05-18,45.64,,,,,3.545714285714286,12.87187751813054,,,,,,,
2020-05-19,44.89,,,,,3.5428571428571427,12.670564516129032,,,,,,,
2020-05-20,45.61,,,,,3.54,12.884180790960452,,,,,,,
2020-05-21,45.82,,,,,3.5371428571428574,12.95395799676898,,,,,,,
2020-05-22,46.36,,,,,3.5342857142857143,13.117219078415522,,,,,,,
2020-05-26,47.17,,,,,3.5228571428571427,13.389699918897,,,,,,,
2020-05-27,48.0,,,,,3.52,13.636363636363637,,,,,,,
2020-05-28,47.05,,,,,3.5171428571428573,13.377335499593825,,,,,,,
2020-05-29,47.35,,,,,3.5142857142857142,13.47357723577236,,,,,,,
2020-06-01,47.8,,,,,3.505714285714286,13.63488182559087,,,,,,,
2020-06-02,48.55,,,,,3.5028571428571427,13.86011419249592,,,,,,,
2020-06-03,48.49,,,,,3.5,13.854285714285714,,,,,,,
2020-06-04,48.06,,,,,3.4971428571428573,13.742647058823527,,,,,,,
2020-06-05,49.2,,,,,3.494285714285714,14.080130825838104,,,,,,,
2020-06-08,48.44,,,,,3.4857142857142858,13.896721311475408,,,,,,,
2020-06-09,47.32,,,,,3.4828571428571427,13.586546349466778,,,,,,,
2020-06-10,47.59,,,,,3.48,13.67528735632184,,,,,,,
2020-06-11,44.63,,,,,3.4771428571428573,12.835250616269516,,,,,,,
2020-06-12,44.54,,,,,3.474285714285714,12.819901315789474,,,,,,,
2020-06-15,44.5,,,,,3.4657142857142857,12.840065952184666,,,,,,,
2020-06-16,45.3,,,,,3.462857142857142,13.081683168316834,,,,,,,
2020-06-17,44.47,,,,,3.46,12.852601156069364,,,,,,,
2020-06-18,44.44,,,,,3.4571428571428573,12.854545454545454,,,,,,,
2020-06-19,43.84,,,,,3.454285714285714,12.691480562448303,,,,,,,
2020-06-22,43.62,,,,,3.4457142857142857,12.659203980099502,,,,,,,
2020-06-23,43.24,,,,,3.4428571428571426,12.559336099585064,,,,,,,
2020-06-24,41.97,,,,,3.44,12.200581395348838,,,,,,,
2020-06-25,41.75,,,,,3.4371428571428573,12.146716541978387,,,,,,,
2020-06-26,40.56,,,,,3.434285714285714,11.810316139767057,,,,,,,
2020-06-29,41.81,,,,,3.4257142857142857,12.204753961634696,,,,,,,
2020-06-30,41.39,,,,,3.4228571428571426,12.092237061769618,,,,,,,
2020-07-01,41.66,,,,,3.42,12.181286549707602,,,,,,,
2020-07-02,41.17,,,,,3.4171428571428573,12.048076923076923,,,,,,,
2020-07-06,40.71,,,,,3.4057142857142857,11.953439597315436,,,,,,,
2020-07-07,39.63,,,,,3.4028571428571426,11.646095717884132,,,,,,,
2020-07-08,39.55,,,,,3.4,11.63235294117647,,,,,,,
2020-07-09,38.38,,,,,3.397142857142857,11.297729184188396,,,,,,,
2020-07-10,40.5,,,,,3.394285714285714,11.931818181818182,,,,,,,
2020-07-13,40.29,,,,,3.3857142857142857,11.9,,,,,,,
2020-07-14,41.12,,,,,3.3828571428571426,12.155405405405403,,,,,,,
2020-07-15,41.95,,,,,3.38,12.411242603550296,,,,,,,
2020-07-16,41.59,,,,,3.377142857142857,12.315143824027077,,,,,,,
2020-07-17,41.79,,,,,3.374285714285714,12.384843353090602,,,,,,,
2020-07-20,41.37,,,,,3.3657142857142857,12.291595925297113,,,,,,,
2020-07-21,41.92,,,,,3.3628571428571425,12.465590484282076,,,,,,,
2020-07-22,41.35,,,,,3.36,12.30654761904762,,,,,,,
2020-07-23,40.63,,,,,3.3571428571428568,12.102553191489363,,,,,,,
2020-07-24,40.14,,,,,3.354285714285714,11.966780238500853,,,,,,,
2020-07-27,40.96,,,,,3.3457142857142856,12.242527754056365,,,,,,,
2020-07-28,41.07,,,,,3.3428571428571425,12.285897435897438,,,,,,,
2020-07-29,41.84,,,,,3.34,12.526946107784433,,,,,,,
2020-07-30,41.82,,,,,3.337142857142857,12.53167808219178,,,,,,,
2020-07-31,42.13,,,,,3.334285714285714,12.63538988860326,,,,,,,
2020-08-03,42.78,,,,,3.3257142857142856,12.863402061855671,,,,,,,
2020-08-04,43.4,,,,,3.3228571428571425,13.061049011177989,,,,,,,
2020-08-05,43.91,2020-08-05,3.32,0.0,actual,3.32,13.225903614457833,,,,,,,
2020-08-06,43.035,,,,,3.3186813186813184,12.9675,,,,,,,
2020-08-07,43.89,,,,,3.317362637362637,13.230389558765074,,,,,,,
2020-08-10,44.07,,,,,3.3134065934065933,13.300510745555853,,,,,,,
2020-08-11,44.46,,,,,3.312087912087912,13.423556735235568,,,,,,,
2020-08-12,44.27,,,,,3.3107692307692305,13.371514869888475,,,,,,,
2020-08-13,43.98,,,,,3.309450549450549,13.289215035197238,,,,,,,
2020-08-14,44.47,,,,,3.308131868131868,13.442632208344406,,,,,,,
2020-08-17,44.56,,,,,3.304175824175824,13.485965145669818,,,,,,,
2020-08-18,44.18,,,,,3.302857142857143,13.37629757785467,,,,,,,
2020-08-19,44.07,,,,,3.301538461538461,13.348322460391428,,,,,,,
2020-08-20,43.63,,,,,3.30021978021978,13.220331646244007,,,,,,,
2020-08-21,43.51,,,,,3.2989010989010987,13.189240506329114,,,,,,,
2020-08-24,43.7,,,,,3.294945054945055,13.262740128068303,,,,,,,
2020-08-25,43.77,,,,,3.2936263736263736,13.289303349793142,,,,,,,
2020-08-26,43.44,,,,,3.292307692307692,13.194392523364488,,,,,,,
2020-08-27,43.68,,,,,3.2909890109890108,13.272605850140245,,,,,,,
2020-08-28,43.24,,,,,3.28967032967033,13.1441742383752,,,,,,,
2020-08-31,42.57,,,,,3.2857142857142856,12.95608695652174,,,,,,,
2020-09-01,42.44,,,,,3.284395604395604,12.921707708779444,,,,,,,
2020-09-02,43.14,,,,,3.2830769230769232,13.140112464854733,,,,,,,
2020-09-03,41.66,,,,,3.281758241758242,12.694414679882131,,,,,,,
2020-09-04,40.88,,,,,3.2804395604395604,12.46174460672652,,,,,,,
2020-09-08,39.32,,,,,3.275164835164836,12.005502617098374,,,,,,,
2020-09-09,38.99,,,,,3.273846153846154,11.90953947368421,,,,,,,
2020-09-10,39.13,,,,,3.2725274725274724,11.957118871725992,,,,,,,
2020-09-11,38.87,,,,,3.271208791208791,11.882457672668638,,,,,,,
2020-09-14,38.6,,,,,3.267252747252748,11.8142069151083,,,,,,,
2020-09-15,38.77,,,,,3.265934065934066,11.871029609690446,,,,,,,
2020-09-16,39.18,,,,,3.2646153846153845,12.001413760603205,,,,,,,
2020-09-17,39.57,,,,,3.2632967032967035,12.125774515086206,,,,,,,
2020-09-18,40.06,,,,,3.261978021978022,12.280892063064275,,,,,,,
2020-09-21,40.15,,,,,3.258021978021978,12.323428224500809,,,,,,,
2020-09-22,40.5,,,,,3.2567032967032965,12.43588878391146,,,,,,,
2020-09-23,39.99,,,,,3.2553846153846155,12.284262759924385,,,,,,,
2020-09-24,40.03,,,,,3.254065934065934,12.301533162231529,,,,,,,
2020-09-25,40.65,,,,,3.2527472527472527,12.497128378378378,,,,,,,
2020-09-28,41.15,,,,,3.248791208791209,12.666249492626166,,,,,,,
2020-09-29,41.15,,,,,3.247472527472528,12.671392799133727,,,,,,,
2020-09-30,40.95,,,,,3.246153846153846,12.614928909952608,,,,,,,
2020-10-01,41.01,,,,,3.2448351648351648,12.638546464372798,,,,,,,
2020-10-02,41.37,,,,,3.243516483516484,12.754675430275103,,,,,,,
2020-10-05,41.86,,,,,3.23956043956044,12.921506105834462,,,,,,,
2020-10-06,41.46,,,,,3.238241758241758,12.803244197095154,,,,,,,
2020-10-07,41.15,,,,,3.236923076923077,12.71269011406844,,,,,,,
2020-10-08,41.55,,,,,3.235604395604396,12.84149572069012,,,,,,,
2020-10-09,41.64,,,,,3.2342857142857144,12.874558303886923,,,,,,,
2020-10-12,41.98,,,,,3.23032967032967,12.99557762960947,,,,,,,
2020-10-13,41.52,,,,,3.2290109890109893,12.858426354478627,,,,,,,
2020-10-14,41.75,,,,,3.227692307692308,12.934938036224976,,,,,,,
2020-10-15,42.7,,,,,3.2263736263736265,13.23467302452316,,,,,,,
2020-10-16,42.58,,,,,3.225054945054945,13.202875834809868,,,,,,,
2020-10-19,41.54,,,,,3.2210989010989013,12.896219978165938,,,,,,,
2020-10-20,41.2,,,,,3.21978021978022,12.795904436860068,,,,,,,
2020-10-21,40.62,,,,,3.2184615384615385,12.620936902485658,,,,,,,
2020-10-22,40.23,,,,,3.217142857142857,12.50488454706927,,,,,,,
2020-10-23,40.14,,,,,3.215824175824176,12.48202569710224,,,,,,,
2020-10-26,39.9,,,,,3.211868131868132,12.422676885178594,,,,,,,
2020-10-27,39.34,,,,,3.2105494505494505,12.253354326396495,,,,,,,
2020-10-28,38.11,,,,,3.2092307692307696,11.875119846596355,,,,,,,
2020-10-29,38.28,,,,,3.207912087912088,11.932995341189368,,,,,,,
2020-10-30,37.88,,,,,3.2065934065934067,11.813159698423576,,,,,,,
2020-11-02,38.51,,,,,3.202637362637363,12.024464726873454,,,,,,,
2020-11-03,39.78,,,,,3.2013186813186816,12.426129342303994,,,,,,,
2020-11-04,39.38,2020-11-04,3.2,0.0,actual,3.2,12.30625,,,,,,,
2020-11-05,40.43,,,,,3.1991208791208794,12.63784693597142,,,,,,,
2020-11-06,40.08,,,,,3.1982417582417586,12.531885651456845,,,,,,,
2020-11-09,42.41,,,,,3.195604395604396,13.271354883081154,,,,,,,
2020-11-10,43.75,,,,,3.194725274725275,13.694448266373142,,,,,,,
2020-11-11,43.74,,,,,3.1938461538461542,13.69508670520231,,,,,,,
2020-11-12,41.84,,,,,3.192967032967033,13.103799559471367,,,,,,,
2020-11-13,43.0,,,,,3.192087912087912,13.470806940236848,,,,,,,
2020-11-16,44.06,,,,,3.1894505494505494,13.814291620727674,,,,,,,
2020-11-17,42.68,,,,,3.1885714285714286,13.385304659498209,,,,,,,
2020-11-18,42.4,,,,,3.187692307692308,13.3011583011583,,,,,,,
2020-11-19,42.44,,,,,3.186813186813187,13.317379310344826,,,,,,,
2020-11-20,42.62,,,,,3.1859340659340663,13.377552428256068,,,,,,,
2020-11-23,43.03,,,,,3.1832967032967034,13.517433029549847,,,,,,,
2020-11-24,44.41,,,,,3.1824175824175827,13.954799723756905,,,,,,,
2020-11-25,43.7,,,,,3.181538461538462,13.73549323017408,,,,,,,
2020-11-27,43.71,,,,,3.17978021978022,13.74623306607686,,,,,,,
2020-11-30,43.38,,,,,3.177142857142857,13.653776978417268,,,,,,,
2020-12-01,43.17,,,,,3.1762637362637363,13.591440631054526,,,,,,,
2020-12-02,43.25,,,,,3.1753846153846155,13.620397286821705,,,,,,,
2020-12-03,43.11,,,,,3.1745054945054947,13.580067848241484,,,,,,,
2020-12-04,44.08,,,,,3.173626373626374,13.889473684210524,,,,,,,
2020-12-07,44.21,,,,,3.170989010989011,13.942022456334904,,,,,,,
2020-12-08,44.01,,,,,3.1701098901098903,13.882799500831943,,,,,,,
2020-12-09,43.98,,,,,3.169230769230769,13.877184466019417,,,,,,,
2020-12-10,43.25,,,,,3.1683516483516483,13.650631243063264,,,,,,,
2020-12-11,43.16,,,,,3.1674725274725275,13.626006106022755,,,,,,,
2020-12-14,45.64,,,,,3.164835164835165,14.420972222222222,,,,,,,
2020-12-15,46.23,,,,,3.163956043956044,14.611454570714086,,,,,,,
2020-12-16,46.22,,,,,3.163076923076923,14.612354085603112,,,,,,,
2020-12-17,46.4,,,,,3.1621978021978023,14.67333889352238,,,,,,,
2020-12-18,46.0,,,,,3.161318681318681,14.550889877641826,,,,,,,
2020-12-21,44.88,,,,,3.1586813186813187,14.208460896187033,,,,,,,
2020-12-22,44.46,,,,,3.157802197802198,14.07941258351893,,,,,,,
2020-12-23,44.84,,,,,3.156923076923077,14.203703703703704,,,,,,,
2020-12-24,45.18,,,,,3.1560439560439564,14.315389972144844,,,,,,,
2020-12-28,45.47,,,,,3.152527472527473,14.42334774121584,,,,,,,
2020-12-29,45.06,,,,,3.151648351648352,14.297280334728033,,,,,,,
2020-12-30,44.71,,,,,3.1507692307692308,14.190185546875,,,,,,,
2020-12-31,45.07,,,,,3.14989010989011,14.308435668434273,,,,,,,
2021-01-04,44.91,,,,,3.1463736263736264,14.273575020955573,,,,,,,
2021-01-05,44.66,,,,,3.1454945054945056,14.198085522638344,,,,,,,
2021-01-06,45.76,,,,,3.144615384615385,14.551859099804304,,,,,,,
2021-01-07,46.05,,,,,3.143736263736264,14.648175335570468,,,,,,,
2021-01-08,45.54,,,,,3.142857142857143,14.49,,,,,,,
2021-01-11,44.68,,,,,3.1402197802197804,14.228303471444567,,,,,,,
2021-01-12,44.68,,,,,3.13934065934066,14.232287874544944,,,,,,,
2021-01-13,43.95,,,,,3.1384615384615384,14.003676470588236,,,,,,,
2021-01-14,43.6,,,,,3.1375824175824176,13.896049313533204,,,,,,,
2021-01-15,43.18,,,,,3.136703296703297,13.766045403587444,,,,,,,
2021-01-19,44.4,,,,,3.133186813186813,14.170875420875422,,,,,,,
2021-01-20,45.2,,,,,3.1323076923076925,14.430255402750491,,,,,,,
2021-01-21,45.36,,,,,3.131428571428572,14.48540145985401,,,,,,,
2021-01-22,45.78,,,,,3.1305494505494504,14.62363100252738,,,,,,,
2021-01-25,45.12,,,,,3.127912087912088,14.42495784148398,,,,,,,
2021-01-26,45.23,,,,,3.127032967032968,14.464190328928868,,,,,,,
2021-01-27,43.35,,,,,3.126153846153846,13.866879921259844,,,,,,,
2021-01-28,43.3,,,,,3.1252747252747253,13.85478199718706,,,,,,,
2021-01-29,43.09,,,,,3.1243956043956045,13.791467360720317,,,,,,,
2021-02-01,43.83,,,,,3.1217582417582417,14.040164742326104,,,,,,,
2021-02-02,44.46,,,,,3.120879120879121,14.245985915492955,,,,,,,
2021-02-03,44.08,2021-02-03,3.12,0.0,actual,3.12,14.128205128205128,,,,,,,
2021-02-04,44.45,,,,,3.1194505494505496,14.249304258991792,,,,,,,
2021-02-05,44.69,,,,,3.118901098901099,14.328764710027482,,,,,,,
2021-02-08,45.01,,,,,3.117252747252748,14.43899601649804,,,,,,,
2021-02-09,45.91,,,,,3.116703296703297,14.730308158804032,,,,,,,
2021-02-10,46.47,,,,,3.1161538461538463,14.912614169340902,,,,,,,
2021-02-11,46.68,,,,,3.115604395604396,14.9826467268623,,,,,,,
2021-02-12,47.14,,,,,3.115054945054945,15.13295939605602,,,,,,,
2021-02-16,47.5,,,,,3.112857142857143,15.25929325378614,,,,,,,
2021-02-17,47.83,,,,,3.1123076923076924,15.368017795353436,,,,,,,
2021-02-18,47.77,,,,,3.111758241758242,15.351449659215312,,,,,,,
2021-02-19,45.98,,,,,3.111208791208792,14.778821701045487,,,,,,,
2021-02-22,46.93,,,,,3.10956043956044,15.092165247199349,,,,,,,
2021-02-23,46.51,,,,,3.109010989010989,14.95974126961685,,,,,,,
2021-02-24,47.05,,,,,3.1084615384615386,15.13610492452363,,,,,,,
2021-02-25,46.93,,,,,3.107912087912088,15.100169719256064,,,,,,,
2021-02-26,46.15,,,,,3.107362637362637,14.85182303639,,,,,,,
2021-03-01,46.43,,,,,3.105714285714286,14.949862005519778,,,,,,,
2021-03-02,45.59,,,,,3.105164835164836,14.681990303287678,,,,,,,
2021-03-03,45.67,,,,,3.1046153846153848,14.7103567888999,,,,,,,
2021-03-04,45.56,,,,,3.1040659340659342,14.677523276808156,,,,,,,
2021-03-05,46.23,,,,,3.103516483516484,14.896005948587206,,,,,,,
2021-03-08,47.08,,,,,3.101868131868132,15.17795018953484,,,,,,,
2021-03-09,47.35,,,,,3.101318681318681,15.267698958259516,,,,,,,
2021-03-10,48.3,,,,,3.100769230769231,15.576779955346066,,,,,,,
2021-03-11,48.72,,,,,3.1002197802197804,15.715014887282006,,,,,,,
2021-03-12,48.83,,,,,3.09967032967033,15.753288190874605,,,,,,,
2021-03-15,48.02,,,,,3.098021978021978,15.500212826333712,,,,,,,
2021-03-16,48.37,,,,,3.097472527472528,15.61595771100152,,,,,,,
2021-03-17,47.86,,,,,3.096923076923077,15.45404868355688,,,,,,,
2021-03-18,47.66,,,,,3.0963736263736266,15.392199311495188,,,,,,,
2021-03-19,48.0,,,,,3.095824175824176,15.504756495811444,,,,,,,
2021-03-22,48.11,,,,,3.094175824175824,15.548566963810066,,,,,,,
2021-03-23,47.67,,,,,3.0936263736263734,15.409100596760444,,,,,,,
2021-03-24,47.42,,,,,3.093076923076923,15.33101218602338,,,,,,,
2021-03-25,47.77,,,,,3.0925274725274723,15.44691208869306,,,,,,,
2021-03-26,48.66,,,,,3.0919780219780217,15.737498667235313,,,,,,,
2021-03-29,48.16,,,,,3.09032967032967,15.584097859327215,,,,,,,
2021-03-30,46.31,,,,,3.08978021978022,14.988121065547531,,,,,,,
2021-03-31,44.89,,,,,3.089230769230769,14.53112549800797,,,,,,,
2021-04-01,45.88,,,,,3.0886813186813185,14.85423559967268,,,,,,,
2021-04-05,45.91,,,,,3.0864835164835163,14.874532701961762,,,,,,,
2021-04-06,46.09,,,,,3.0859340659340657,14.935510291289797,,,,,,,
2021-04-07,45.96,,,,,3.085384615384615,14.896035901271503,,,,,,,
2021-04-08,46.375,,,,,3.0848351648351646,15.033218153320036,,,,,,,
2021-04-09,46.67,,,,,3.084285714285714,15.131542380731824,,,,,,,
2021-04-12,46.56,,,,,3.0826373626373624,15.103949807500358,,,,,,,
2021-04-13,46.72,,,,,3.082087912087912,15.15855528220487,,,,,,,
2021-04-14,46.61,,,,,3.0815384615384613,15.12556165751373,,,,,,,
2021-04-15,46.91,,,,,3.080989010989011,15.22563041694903,,,,,,,
2021-04-16,46.99,,,,,3.08043956043956,15.254316495433796,,,,,,,
2021-04-19,46.82,,,,,3.0787912087912086,15.207267016454296,,,,,,,
2021-04-20,46.09,,,,,3.078241758241758,14.972833071540771,,,,,,,
2021-04-21,46.71,,,,,3.0776923076923075,15.176955761059736,,,,,,,
2021-04-22,46.42,,,,,3.077142857142857,15.085422469823586,,,,,,,
2021-04-23,46.6,,,,,3.0765934065934064,15.14662285244848,,,,,,,
2021-04-26,46.72,,,,,3.0749450549450548,15.193767421914089,,,,,,,
2021-04-27,45.96,,,,,3.074395604395604,14.94927976552168,,,,,,,
2021-04-28,45.77,,,,,3.0738461538461537,14.890140140140142,,,,,,,
2021-04-29,46.21,,,,,3.073296703296703,15.0359709657811,,,,,,,
2021-04-30,45.99,,,,,3.072747252747253,14.967062441885416,,,,,,,
2021-05-03,46.33,,,,,3.071098901098901,15.085805274269152,,,,,,,
2021-05-04,46.36,,,,,3.0705494505494504,15.09827499821058,,,,,,,
2021-05-05,45.94,2021-05-05,3.07,0.0,actual,3.07,14.964169381107492,,,,,,,
2021-05-06,45.75,,,,,3.0725274725274723,14.89002145922747,,,,,,,
2021-05-07,45.49,,,,,3.0750549450549447,14.79323160490298,,,,,,,
2021-05-10,45.94,,,,,3.0826373626373624,14.902823328104947,,,,,,,
2021-05-11,44.84,,,,,3.085164835164835,14.534069456812112,,,,,,,
2021-05-12,44.15,,,,,3.087692307692308,14.29870453413054,,,,,,,
2021-05-13,45.47,,,,,3.09021978021978,14.714163792183776,,,,,,,
2021-05-14,45.66,,,,,3.0927472527472526,14.76357305287095,,,,,,,
2021-05-17,44.91,,,,,3.1003296703296703,14.485556303831563,,,,,,,
2021-05-18,44.57,,,,,3.1028571428571428,14.364180478821364,,,,,,,
2021-05-19,44.68,,,,,3.105384615384615,14.387911815704731,,,,,,,
2021-05-20,44.73,,,,,3.107912087912088,14.392298988756098,,,,,,,
2021-05-21,44.56,,,,,3.1104395604395605,14.325949478890657,,,,,,,
2021-05-24,44.83,,,,,3.118021978021978,14.377704941143302,,,,,,,
2021-05-25,44.36,,,,,3.12054945054945,14.215445293516922,,,,,,,
2021-05-26,44.44,,,,,3.123076923076923,14.229556650246304,,,,,,,
2021-05-27,44.48,,,,,3.1256043956043955,14.230847660232746,,,,,,,
2021-05-28,44.04,,,,,3.128131868131868,14.078690367455913,,,,,,,
2021-06-01,43.72,,,,,3.138241758241758,13.931367742839134,,,,,,,
2021-06-02,43.46,,,,,3.1407692307692305,13.837374479549352,,,,,,,
2021-06-03,43.23,,,,,3.143296703296703,13.753076492798211,,,,,,,
2021-06-04,43.27,,,,,3.145824175824176,13.754742026757956,,,,,,,
2021-06-07,42.76,,,,,3.153406593406593,13.559938667410092,,,,,,,
2021-06-08,43.09,,,,,3.1559340659340656,13.653643929106169,,,,,,,
2021-06-09,43.55,,,,,3.1584615384615384,13.788358499756454,,,,,,,
2021-06-10,44.35,,,,,3.160989010989011,14.030418911872069,,,,,,,
2021-06-11,45.43,,,,,3.163516483516484,14.360601639572042,,,,,,,
2021-06-14,45.3,,,,,3.171098901098901,14.285268738954152,,,,,,,
2021-06-15,45.37,,,,,3.173626373626373,14.295948753462604,,,,,,,
2021-06-16,45.67,,,,,3.176153846153846,14.379026398643742,,,,,,,
2021-06-17,46.41,,,,,3.1786813186813183,14.600394109105997,,,,,,,
2021-06-18,45.4,,,,,3.181208791208791,14.27130470828008,,,,,,,
2021-06-21,46.2,,,,,3.1887912087912085,14.488248673237305,,,,,,,
2021-06-22,46.33,,,,,3.1913186813186813,14.51750972762646,,,,,,,
2021-06-23,45.88,,,,,3.193846153846154,14.365125240847783,,,,,,,
2021-06-24,46.12,,,,,3.196373626373626,14.428851376903772,,,,,,,
2021-06-25,47.18,,,,,3.198901098901098,14.74881484026108,,,,,,,
2021-06-28,46.87,,,,,3.2064835164835164,14.61725898762809,,,,,,,
2021-06-29,47.41,,,,,3.209010989010989,14.77402232723786,,,,,,,
2021-06-30,47.18,,,,,3.211538461538461,14.690778443113777,,,,,,,
2021-07-01,47.02,,,,,3.214065934065934,14.629444748358862,,,,,,,
2021-07-02,46.79,,,,,3.2165934065934065,14.546445287144271,,,,,,,
2021-07-06,46.57,,,,,3.2267032967032967,14.432687395702072,,,,,,,
2021-07-07,46.18,,,,,3.229230769230769,14.300619342544069,,,,,,,
2021-07-08,45.71,,,,,3.2317582417582416,14.144003536332416,,,,,,,
2021-07-09,46.06,,,,,3.234285714285714,14.241166077738518,,,,,,,
2021-07-12,46.02,,,,,3.241868131868132,14.195518795973015,,,,,,,
2021-07-13,45.96,,,,,3.244395604395604,14.165966671182767,,,,,,,
2021-07-14,45.96,,,,,3.2469230769230766,14.154939587775411,,,,,,,
2021-07-15,45.79,,,,,3.249450549450549,14.091613121406834,,,,,,,
2021-07-16,46.17,,,,,3.251978021978022,14.19751292535397,,,,,,,
2021-07-19,45.46,,,,,3.259560439560439,13.946665767648843,,,,,,,
2021-07-20,45.86,,,,,3.262087912087912,14.058480714165404,,,,,,,
2021-07-21,46.02,,,,,3.2646153846153845,14.09660697455231,,,,,,,
2021-07-22,44.95,,,,,3.267142857142857,13.75819851333625,,,,,,,
2021-07-23,45.39,,,,,3.2696703296703293,13.882133494656182,,,,,,,
2021-07-26,45.51,,,,,3.277252747252747,13.886631123629414,,,,,,,
2021-07-27,45.17,,,,,3.2797802197802195,13.772264290022116,,,,,,,
2021-07-28,45.25,,,,,3.2823076923076924,13.786032341223342,,,,,,,
2021-07-29,45.58,,,,,3.284835164835165,13.875886524822697,,,,,,,
2021-07-30,45.36,,,,,3.287362637362637,13.798295169647336,,,,,,,
2021-08-02,44.8,,,,,3.294945054945055,13.5965848452508,,,,,,,
2021-08-03,44.91,,,,,3.2974725274725274,13.619522111507314,,,,,,,
2021-08-04,44.47,2021-08-04,3.3,0.0,actual,3.3,13.475757575757576,,,,,,,
2021-08-05,45.98,,,,,3.301318681318681,13.927767791758209,,,,,,,
2021-08-06,46.06,,,,,3.302637362637362,13.946429759765758,,,,,,,
2021-08-09,45.7,,,,,3.3065934065934064,13.820870721169824,,,,,,,
2021-08-10,46.08,,,,,3.307912087912088,13.930237193541958,,,,,,,
2021-08-11,46.36,,,,,3.309230769230769,14.0092980009298,,,,,,,
2021-08-12,46.54,,,,,3.3105494505494506,14.058089358029608,,,,,,,
2021-08-13,47.44,,,,,3.311868131868132,14.32424182095693,,,,,,,
2021-08-16,47.36,,,,,3.315824175824176,14.283025120965068,,,,,,,
2021-08-17,47.27,,,,,3.317142857142857,14.25021533161068,,,,,,,
2021-08-18,46.53,,,,,3.318461538461538,14.021557719054243,,,,,,,
2021-08-19,46.56,,,,,3.3197802197802195,14.025024826216486,,,,,,,
2021-08-20,47.43,,,,,3.321098901098901,14.281417510422871,,,,,,,
2021-08-23,47.53,,,,,3.3250549450549447,14.294500627933113,,,,,,,
2021-08-24,47.31,,,,,3.326373626373626,14.222695738354808,,,,,,,
2021-08-25,47.22,,,,,3.3276923076923075,14.19001386962552,,,,,,,
2021-08-26,47.04,,,,,3.329010989010989,14.13032283620519,,,,,,,
2021-08-27,48.3,,,,,3.3303296703296703,14.503068699267471,,,,,,,
2021-08-30,48.31,,,,,3.334285714285714,14.488860325621252,,,,,,,
2021-08-31,48.21,,,,,3.3356043956043955,14.453152796995454,,,,,,,
2021-09-01,48.7,,,,,3.336923076923077,14.59428307976026,,,,,,,
2021-09-02,48.83,,,,,3.3382417582417583,14.627460662321417,,,,,,,
2021-09-03,48.42,,,,,3.3395604395604392,14.498914116485688,,,,,,,
2021-09-07,48.4,,,,,3.344835164835165,14.470070306853277,,,,,,,
2021-09-08,48.31,,,,,3.346153846153846,14.43747126436782,,,,,,,
2021-09-09,47.54,,,,,3.347472527472527,14.201759569299456,,,,,,,
2021-09-10,47.19,,,,,3.3487912087912086,14.091651899980311,,,,,,,
2021-09-13,47.42,,,,,3.352747252747253,14.143625040970171,,,,,,,
2021-09-14,47.1,,,,,3.354065934065934,14.042657755061924,,,,,,,
2021-09-15,48.38,,,,,3.355384615384615,14.418615314076114,,,,,,,
2021-09-16,47.8,,,,,3.3567032967032966,14.240162378052773,,,,,,,
2021-09-17,47.82,,,,,3.358021978021978,14.24052621244846,,,,,,,
2021-09-20,46.74,,,,,3.3619780219780218,13.902529907825064,,,,,,,
2021-09-21,46.29,,,,,3.363296703296703,13.763281709468732,,,,,,,
2021-09-22,46.95,,,,,3.364615384615385,13.954046639231825,,,,,,,
2021-09-23,47.44,,,,,3.365934065934066,14.094156056154096,,,,,,,
2021-09-24,48.05,,,,,3.367252747252747,14.269793094445532,,,,,,,
2021-09-27,48.43,,,,,3.371208791208791,14.365766999152488,,,,,,,
2021-09-28,48.0,,,,,3.3725274725274725,14.232649071358749,,,,,,,
2021-09-29,48.4,,,,,3.373846153846154,14.34564523483812,,,,,,,
2021-09-30,48.2,,,,,3.375164835164835,14.280784007293091,,,,,,,
2021-10-01,49.22,,,,,3.3764835164835163,14.577296101021936,,,,,,,
2021-10-04,49.65,,,,,3.3804395604395605,14.68743904817632,,,,,,,
2021-10-05,50.14,,,,,3.381758241758241,14.826606875934234,,,,,,,
2021-10-06,50.02,,,,,3.383076923076923,14.78535698044566,,,,,,,
2021-10-07,51.04,,,,,3.3843956043956043,15.080979284369116,,,,,,,
2021-10-08,51.05,,,,,3.3857142857142857,15.078059071729957,,,,,,,
2021-10-11,50.35,,,,,3.389670329670329,14.853951890034368,,,,,,,
2021-10-12,50.0,,,,,3.390989010989011,14.744960788126257,,,,,,,
2021-10-13,49.8,,,,,3.392307692307692,14.68027210884354,,,,,,,
2021-10-14,49.95,,,,,3.3936263736263736,14.71876821449388,,,,,,,
2021-10-15,50.2,,,,,3.394945054945055,14.78668997216288,,,,,,,
2021-10-18,49.73,,,,,3.398901098901099,14.631199482702876,,,,,,,
2021-10-19,49.77,,,,,3.40021978021978,14.637289121582317,,,,,,,
2021-10-20,50.15,,,,,3.4015384615384616,14.743328810492988,,,,,,,
2021-10-21,50.43,,,,,3.4028571428571426,14.819899244332497,,,,,,,
2021-10-22,50.62,,,,,3.404175824175824,14.86997223836271,,,,,,,
2021-10-25,50.77,,,,,3.408131868131868,14.89672406010189,,,,,,,
2021-10-26,50.22,,,,,3.409450549450549,14.729646103268228,,,,,,,
2021-10-27,49.36,,,,,3.4107692307692306,14.471808750563826,,,,,,,
2021-10-28,50.41,,,,,3.412087912087912,14.773945249597425,,,,,,,
2021-10-29,50.05,,,,,3.4134065934065934,14.662771231730089,,,,,,,
2021-11-01,51.07,,,,,3.417362637362637,14.94427294359766,,,,,,,
2021-11-02,50.7,,,,,3.4186813186813185,14.830279652844746,,,,,,,
2021-11-03,51.32,2021-11-03,3.42,0.0,actual,3.42,15.005847953216374,,,,,,,
2021-11-04,53.27,,,,,3.419222222222222,15.579566503103372,,,,,,,
2021-11-05,54.5,,,,,3.4184444444444444,15.942924007020736,,,,,,,
2021-11-08,54.17,,,,,3.416111111111111,15.857212554886974,,,,,,,
2021-11-09,54.0,,,,,3.4153333333333333,15.811048213937148,,,,,,,
2021-11-10,53.58,,,,,3.414555555555556,15.691646871237513,,,,,,,
2021-11-11,53.27,,,,,3.413777777777778,15.604413487827106,,,,,,,
2021-11-12,52.6,,,,,3.413,15.411661295048344,,,,,,,
2021-11-15,51.84,,,,,3.4106666666666667,15.199374511336982,,,,,,,
2021-11-16,52.73,,,,,3.4098888888888887,15.463846981002964,,,,,,,
2021-11-17,52.78,,,,,3.409111111111111,15.4820415879017,,,,,,,
2021-11-18,52.33,,,,,3.408333333333333,15.353545232273838,,,,,,,
2021-11-19,52.49,,,,,3.407555555555556,15.404004173731575,,,,,,,
2021-11-22,53.17,,,,,3.405222222222222,15.6142526185271,,,,,,,
2021-11-23,53.03,,,,,3.4044444444444446,15.576697127937337,,,,,,,
2021-11-24,52.59,,,,,3.4036666666666666,15.450984232690235,,,,,,,
2021-11-26,51.75,,,,,3.402111111111111,15.211143407688036,,,,,,,
2021-11-29,52.22,,,,,3.3997777777777776,15.359827439701942,,,,,,,
2021-11-30,52.71,,,,,3.399,15.507502206531331,,,,,,,
2021-12-01,53.03,,,,,3.398222222222222,15.605218414857443,,,,,,,
2021-12-02,53.66,,,,,3.3974444444444445,15.794224417045491,,,,,,,
2021-12-03,53.35,,,,,3.3966666666666665,15.706575073601572,,,,,,,
2021-12-06,54.18,,,,,3.394333333333333,15.961897279780027,,,,,,,
2021-12-07,54.5,,,,,3.3935555555555554,16.05985200707223,,,,,,,
2021-12-08,54.87,,,,,3.392777777777778,16.172588832487307,,,,,,,
2021-12-09,55.02,,,,,3.392,16.22051886792453,,,,,,,
2021-12-10,55.45,,,,,3.3912222222222224,16.351036990924282,,,,,,,
2021-12-13,56.69,,,,,3.388888888888889,16.728196721311473,,,,,,,
2021-12-14,56.77,,,,,3.388111111111112,16.7556488374381,,,,,,,
2021-12-15,57.78,,,,,3.3873333333333333,17.05766581381618,,,,,,,
2021-12-16,56.41,,,,,3.386555555555556,16.65704255388956,,,,,,,
2021-12-17,55.18,,,,,3.3857777777777778,16.297584667891837,,,,,,,
2021-12-20,56.43,,,,,3.3834444444444443,16.67827000755312,,,,,,,
2021-12-21,57.08,,,,,3.3826666666666667,16.874260938115885,,,,,,,
2021-12-22,57.78,,,,,3.3818888888888887,17.08512665505799,,,,,,,
2021-12-23,57.84,,,,,3.381111111111111,17.106802497535327,,,,,,,
2021-12-27,57.97,,,,,3.378,17.16104203670811,,,,,,,
2021-12-28,57.85,,,,,3.377222222222222,17.129462082579373,,,,,,,
2021-12-29,57.95,,,,,3.3764444444444446,17.163024878241412,,,,,,,
2021-12-30,57.67,,,,,3.3756666666666666,17.084032783647675,,,,,,,
2021-12-31,57.62,,,,,3.374888888888889,17.07315467175874,,,,,,,
2022-01-03,58.97,,,,,3.3725555555555555,17.485256811517807,,,,,,,
2022-01-04,58.57,,,,,3.371777777777778,17.370658406379754,,,,,,,
2022-01-05,58.05,,,,,3.371,17.220409374072975,,,,,,,
2022-01-06,58.81,,,,,3.3702222222222225,17.449887907160754,,,,,,,
2022-01-07,58.26,,,,,3.3694444444444445,17.29068425391591,,,,,,,
2022-01-10,58.35,,,,,3.367111111111111,17.329395459345303,,,,,,,
2022-01-11,57.83,,,,,3.3663333333333334,17.178928606792752,,,,,,,
2022-01-12,57.49,,,,,3.3655555555555554,17.081875206338726,,,,,,,
2022-01-13,57.77,,,,,3.364777777777778,17.169038734603575,,,,,,,
2022-01-14,57.52,,,,,3.364,17.0986920332937,,,,,,,
2022-01-18,56.66,,,,,3.360888888888889,16.858635281671514,,,,,,,
2022-01-19,56.29,,,,,3.360111111111112,16.752422208260306,,,,,,,
2022-01-20,56.04,,,,,3.3593333333333333,16.68188132565985,,,,,,,
2022-01-21,56.19,,,,,3.358555555555556,16.730406590134645,,,,,,,
2022-01-24,56.89,,,,,3.356222222222222,16.950605839899357,,,,,,,
2022-01-25,55.87,,,,,3.3554444444444447,16.65055134275969,,,,,,,
2022-01-26,55.66,,,,,3.3546666666666667,16.59181240063593,,,,,,,
2022-01-27,55.84,,,,,3.353888888888889,16.64932913698857,,,,,,,
2022-01-28,57.01,,,,,3.353111111111111,17.002120750215386,,,,,,,
2022-01-31,56.77,,,,,3.350777777777778,16.94233511290911,,,,,,,
2022-02-01,56.83,2022-02-01,3.35,0.0,actual,3.35,16.964179104477612,,,,,,,
2022-02-02,58.33,,,,,3.3504347826086955,17.409680768232548,,,,,,,
2022-02-03,57.24,,,,,3.3508695652173914,17.082133125729857,,,,,,,
2022-02-04,57.32,,,,,3.351304347826087,17.10378827192527,,,,,,,
2022-02-07,57.62,,,,,3.352608695652174,17.1866165218519,,,,,,,
2022-02-08,60.39,,,,,3.3530434782608696,18.010503112033195,,,,,,,
2022-02-09,60.03,,,,,3.353478260869565,17.900816802800467,,,,,,,
2022-02-10,59.92,,,,,3.353913043478261,17.865698729582576,,,,,,,
2022-02-11,60.76,,,,,3.354347826086957,18.11380427738172,,,,,,,
2022-02-14,60.18,,,,,3.355652173913044,17.93392070484581,,,,,,,
2022-02-15,59.5,,,,,3.356086956521739,17.728980437880555,,,,,,,
2022-02-16,60.36,,,,,3.356521739130435,17.982901554404144,,,,,,,
2022-02-17,59.52,,,,,3.3569565217391304,17.730345810128224,,,,,,,
2022-02-18,58.85,,,,,3.3573913043478263,17.52849002849003,,,,,,,
2022-02-22,59.6,,,,,3.359130434782609,17.742687030805072,,,,,,,
2022-02-23,59.03,,,,,3.3595652173913044,17.570726025624435,,,,,,,
2022-02-24,59.99,,,,,3.3600000000000003,17.854166666666664,,,,,,,
2022-02-25,61.63,,,,,3.360434782608696,18.3398887307543,,,,,,,
2022-02-28,61.72,,,,,3.3617391304347826,18.35954474909467,,,,,,,
2022-03-01,60.73,,,,,3.3621739130434785,18.062718220612958,,,,,,,
2022-03-02,62.46,,,,,3.362608695652174,18.574864235841737,,,,,,,
2022-03-03,62.55,,,,,3.36304347826087,18.599224305106656,,,,,,,
2022-03-04,64.57,,,,,3.3634782608695653,19.197388831437436,,,,,,,
2022-03-07,64.96,,,,,3.3647826086956525,19.305853469440493,,,,,,,
2022-03-08,64.14,,,,,3.365217391304348,19.05968992248062,,,,,,,
2022-03-09,64.18,,,,,3.3656521739130434,19.06911251776257,,,,,,,
2022-03-10,65.26,,,,,3.36608695652174,19.38749677086024,,,,,,,
2022-03-11,63.71,,,,,3.3665217391304347,18.924577037324035,,,,,,,
2022-03-14,63.19,,,,,3.367826086956522,18.76284533953008,,,,,,,
2022-03-15,62.57,,,,,3.3682608695652174,18.57635213631083,,,,,,,
2022-03-16,64.21,,,,,3.3686956521739133,19.06078988125968,,,,,,,
2022-03-17,64.27,,,,,3.3691304347826088,19.07613885662666,,,,,,,
2022-03-18,63.62,,,,,3.3695652173913047,18.880774193548383,,,,,,,
2022-03-21,63.4,,,,,3.3708695652173915,18.808203276151165,,,,,,,
2022-03-22,63.18,,,,,3.371304347826087,18.740521021408306,,,,,,,
2022-03-23,62.92,,,,,3.371739130434783,18.66099290780142,,,,,,,
2022-03-24,61.56,,,,,3.3721739130434782,18.25528623001547,,,,,,,
2022-03-25,62.12,,,,,3.372608695652174,18.41897640840531,,,,,,,
2022-03-28,62.49,,,,,3.373913043478261,18.5215206185567,,,,,,,
2022-03-29,64.4,,,,,3.374347826086957,19.08516943692823,,,,,,,
2022-03-30,63.82,,,,,3.3747826086956523,18.91084771965988,,,,,,,
2022-03-31,63.57,,,,,3.375217391304348,18.83434239340461,,,,,,,
2022-04-01,64.89,,,,,3.375652173913044,19.22295208655332,,,,,,,
2022-04-04,65.29,,,,,3.3769565217391304,19.333977082528648,,,,,,,
2022-04-05,64.13,,,,,3.3773913043478263,18.98802780638517,,,,,,,
2022-04-06,63.83,,,,,3.3778260869565218,18.89676921096666,,,,,,,
2022-04-07,63.83,,,,,3.3782608695652177,18.894337194337197,,,,,,,
2022-04-08,63.57,,,,,3.378695652173913,18.814953030498007,,,,,,,
2022-04-11,63.01,,,,,3.38,18.64201183431953,,,,,,,
2022-04-12,63.73,,,,,3.380434782608696,18.852604501607715,,,,,,,
2022-04-13,64.36,,,,,3.3808695652173912,19.036522633744852,,,,,,,
2022-04-14,64.4,,,,,3.381304347826087,19.045904590459045,,,,,,,
2022-04-18,64.03,,,,,3.38304347826087,18.92674463436576,,,,,,,
2022-04-19,64.87,,,,,3.3834782608695653,19.172577743510665,,,,,,,
2022-04-20,65.36,,,,,3.383913043478261,19.314917127071823,,,,,,,
2022-04-21,64.62,,,,,3.3843478260869566,19.09378211716341,,,,,,,
2022-04-22,63.75,,,,,3.3847826086956525,18.83429672447013,,,,,,,
2022-04-25,63.86,,,,,3.38608695652174,18.859527478171543,,,,,,,
2022-04-26,61.78,,,,,3.3865217391304347,18.24290666324304,,,,,,,
2022-04-27,61.62,,,,,3.38695652173913,18.193324775353016,,,,,,,
2022-04-28,62.79,,,,,3.387391304347826,18.536388140161726,,,,,,,
2022-04-29,61.47,,,,,3.387826086956522,18.14437885010267,,,,,,,
2022-05-02,60.89,,,,,3.389130434782609,17.9662604233483,,,,,,,
2022-05-03,60.92,,,,,3.3895652173913047,17.972806567470496,,,,,,,
2022-05-04,61.89,2022-05-04,3.39,0.0,actual,3.39,18.25663716814159,,,,,,,
2022-05-05,59.37,,,,,3.3902197802197804,17.512138990632394,,,,,,,
2022-05-06,57.54,,,,,3.3904395604395607,16.971250769779274,,,,,,,
2022-05-09,58.26,,,,,3.391098901098901,17.18027155773032,,,,,,,
2022-05-10,57.76,,,,,3.391318681318681,17.031722886491043,,,,,,,
2022-05-11,57.01,,,,,3.391538461538462,16.809480607847583,,,,,,,
2022-05-12,58.06,,,,,3.3917582417582417,17.117965332901345,,,,,,,
2022-05-13,58.36,,,,,3.391978021978022,17.205300158745587,,,,,,,
2022-05-16,58.34,,,,,3.392637362637363,17.196061283321995,,,,,,,
2022-05-17,59.12,,,,,3.392857142857143,17.424842105263156,,,,,,,
2022-05-18,57.9,,,,,3.393076923076923,17.064157787349806,,,,,,,
2022-05-19,57.93,,,,,3.3932967032967034,17.07189351986787,,,,,,,
2022-05-20,58.56,,,,,3.393516483516484,17.256435996243642,,,,,,,
2022-05-23,59.41,,,,,3.394175824175824,17.503512804739856,,,,,,,
2022-05-24,60.08,,,,,3.3943956043956045,17.699763669914855,,,,,,,
2022-05-25,60.08,,,,,3.394615384615385,17.69861772037163,,,,,,,
2022-05-26,60.84,,,,,3.394835164835165,17.9213414042016,,,,,,,
2022-05-27,61.5,,,,,3.395054945054945,18.11458164751578,,,,,,,
2022-05-31,62.19,,,,,3.395934065934066,18.31307640034948,,,,,,,
2022-06-01,61.2,,,,,3.396153846153846,18.020385050962627,,,,,,,
2022-06-02,62.27,,,,,3.3963736263736264,18.3342608470573,,,,,,,
2022-06-03,62.22,,,,,3.3965934065934067,18.3183538775114,,,,,,,
2022-06-06,60.13,,,,,3.397252747252747,17.69959566553453,,,,,,,
2022-06-07,60.94,,,,,3.3974725274725275,17.93686321441278,,,,,,,
2022-06-08,59.07,,,,,3.397692307692308,17.3853294091012,,,,,,,
2022-06-09,58.81,,,,,3.397912087912088,17.30768733223376,,,,,,,
2022-06-10,57.76,,,,,3.3981318681318684,16.99757462083239,,,,,,,
2022-06-13,56.65,,,,,3.398791208791209,16.667690516990525,,,,,,,
2022-06-14,56.69,,,,,3.399010989010989,16.6783809123533,,,,,,,
2022-06-15,56.89,,,,,3.399230769230769,16.736139398053858,,,,,,,
2022-06-16,55.41,,,,,3.3994505494505494,16.29969290447713,,,,,,,
2022-06-17,55.99,,,,,3.3996703296703297,16.469243947376928,,,,,,,
2022-06-21,56.89,,,,,3.400549450549451,16.72964937792858,,,,,,,
2022-06-22,57.17,,,,,3.4007692307692308,16.810902510744175,,,,,,,
2022-06-23,57.42,,,,,3.400989010989011,16.88332417848719,,,,,,,
2022-06-24,60.27,,,,,3.4012087912087914,17.720170592226424,,,,,,,
2022-06-27,60.93,,,,,3.401868131868132,17.910747165423007,,,,,,,
2022-06-28,59.13,,,,,3.402087912087912,17.380503246228884,,,,,,,
2022-06-29,59.46,,,,,3.4023076923076925,17.47637350214786,,,,,,,
2022-06-30,59.68,,,,,3.402527472527473,17.5399024642315,,,,,,,
2022-07-01,60.09,,,,,3.402747252747253,17.65926045535282,,,,,,,
2022-07-05,60.08,,,,,3.403626373626374,17.65176121137765,,,,,,,
2022-07-06,60.25,,,,,3.403846153846154,17.70056497175141,,,,,,,
2022-07-07,60.11,,,,,3.404065934065934,17.658294863931303,,,,,,,
2022-07-08,60.25,,,,,3.4042857142857144,17.698279479647503,,,,,,,
2022-07-11,60.06,,,,,3.404945054945056,17.639051153784084,,,,,,,
2022-07-12,58.85,,,,,3.405164835164835,17.282570110046148,,,,,,,
2022-07-13,59.12,,,,,3.4053846153846155,17.36074090806415,,,,,,,
2022-07-14,59.67,,,,,3.405604395604396,17.521119034558417,,,,,,,
2022-07-15,60.83,,,,,3.405824175824176,17.86058142161133,,,,,,,
2022-07-18,60.11,,,,,3.4064835164835165,17.645762766540855,,,,,,,
2022-07-19,61.86,,,,,3.406703296703297,18.15831747362988,,,,,,,
2022-07-20,62.04,,,,,3.406923076923077,18.209979679385864,,,,,,,
2022-07-21,63.21,,,,,3.407142857142857,18.55220125786164,,,,,,,
2022-07-22,63.61,,,,,3.4073626373626373,18.66839745863837,,,,,,,
2022-07-25,63.15,,,,,3.4080219780219783,18.52981007964402,,,,,,,
2022-07-26,63.63,,,,,3.4082417582417586,18.66945026600032,,,,,,,
2022-07-27,65.27,,,,,3.4084615384615384,19.149401940871133,,,,,,,
2022-07-28,65.4,,,,,3.4086813186813187,19.18630516780038,,,,,,,
2022-07-29,65.25,,,,,3.408901098901099,19.141065729667,,,,,,,
2022-08-01,65.5,,,,,3.4095604395604395,19.210687465755637,,,,,,,
2022-08-02,64.96,,,,,3.40978021978022,19.05108124657578,,,,,,,
2022-08-03,65.73,2022-08-03,3.41,0.0,actual,3.41,19.27565982404692,,,,,,,
2022-08-04,56.12,,,,,3.411978021978022,16.44793713163065,,,,,,,
2022-08-05,55.03,,,,,3.413956043956044,16.119129623072716,,,,,,,
2022-08-08,56.3,,,,,3.41989010989011,16.46251727129591,,,,,,,
2022-08-09,56.69,,,,,3.421868131868132,16.56697389126176,,,,,,,
2022-08-10,56.72,,,,,3.4238461538461538,16.566164906762527,,,,,,,
2022-08-11,56.91,,,,,3.425824175824176,16.612060946271047,,,,,,,
2022-08-12,57.47,,,,,3.427802197802198,16.765844901099605,,,,,,,
2022-08-15,57.95,,,,,3.433736263736264,16.876660159375298,,,,,,,
2022-08-16,57.59,,,,,3.435714285714286,16.762162162162163,,,,,,,
2022-08-17,57.78,,,,,3.437692307692308,16.80778697695234,,,,,,,
2022-08-18,58.82,,,,,3.4396703296703297,17.100476023130252,,,,,,,
2022-08-19,59.59,,,,,3.441648351648352,17.314377853699032,,,,,,,
2022-08-22,58.66,,,,,3.4475824175824177,17.01482166193861,,,,,,,
2022-08-23,57.4,,,,,3.44956043956044,16.6398012169093,,,,,,,
2022-08-24,57.03,,,,,3.451538461538461,16.523066636951196,,,,,,,
2022-08-25,58.08,,,,,3.453516483516484,16.8176408820441,,,,,,,
2022-08-26,57.01,,,,,3.4554945054945057,16.498362219748767,,,,,,,
2022-08-29,57.54,,,,,3.461428571428572,16.623194387123398,,,,,,,
2022-08-30,57.74,,,,,3.4634065934065936,16.67144715550338,,,,,,,
2022-08-31,57.85,,,,,3.4653846153846155,16.69367369589345,,,,,,,
2022-09-01,57.56,,,,,3.4673626373626374,16.60051342186163,,,,,,,
2022-09-02,56.9,,,,,3.46934065934066,16.4008108707358,,,,,,,
2022-09-06,56.26,,,,,3.4772527472527472,16.17943937047688,,,,,,,
2022-09-07,55.85,,,,,3.479230769230769,16.052398850320586,,,,,,,
2022-09-08,55.75,,,,,3.4812087912087915,16.014552227027366,,,,,,,
2022-09-09,56.56,,,,,3.4831868131868133,16.23800359655488,,,,,,,
2022-09-12,57.28,,,,,3.489120879120879,16.41674277975497,,,,,,,
2022-09-13,55.58,,,,,3.4910989010989013,15.920488526551038,,,,,,,
2022-09-14,55.39,,,,,3.493076923076923,15.857079938339572,,,,,,,
2022-09-15,54.34,,,,,3.495054945054945,15.547681182204055,,,,,,,
2022-09-16,54.64,,,,,3.497032967032967,15.624673977940484,,,,,,,
2022-09-19,54.62,,,,,3.502967032967033,15.592496157103866,,,,,,,
2022-09-20,53.81,,,,,3.504945054945055,15.352594450540838,,,,,,,
2022-09-21,54.34,,,,,3.506923076923077,15.495064707172627,,,,,,,
2022-09-22,53.76,,,,,3.5089010989010987,15.321035983840156,,,,,,,
2022-09-23,53.7,,,,,3.510879120879121,15.295314407336694,,,,,,,
2022-09-26,52.44,,,,,3.5168131868131867,14.911227072461957,,,,,,,
2022-09-27,52.99,,,,,3.5187912087912085,15.05914868367634,,,,,,,
2022-09-28,54.04,,,,,3.520769230769231,15.348918505571334,,,,,,,
2022-09-29,53.89,,,,,3.5227472527472528,15.297719686807874,,,,,,,
2022-09-30,52.88,,,,,3.524725274725274,15.00258768511302,,,,,,,
2022-10-03,54.23,,,,,3.5306593406593407,15.3597373089732,,,,,,,
2022-10-04,55.54,,,,,3.5326373626373626,15.721964724546616,,,,,,,
2022-10-05,56.06,,,,,3.5346153846153845,15.860282916213276,,,,,,,
2022-10-06,55.92,,,,,3.5365934065934064,15.811826119379798,,,,,,,
2022-10-07,55.39,,,,,3.5385714285714287,15.65320952765442,,,,,,,
2022-10-10,56.29,,,,,3.5445054945054943,15.880917687180284,,,,,,,
2022-10-11,56.55,,,,,3.546483516483516,15.945372292628516,,,,,,,
2022-10-12,56.28,,,,,3.5484615384615386,15.86039453717754,,,,,,,
2022-10-13,58.05,,,,,3.5504395604395604,16.35008821071528,,,,,,,
2022-10-14,57.58,,,,,3.5524175824175823,16.208680050731587,,,,,,,
2022-10-17,59.2,,,,,3.5583516483516484,16.636916710416603,,,,,,,
2022-10-18,59.78,,,,,3.5603296703296703,16.790579956171488,,,,,,,
2022-10-19,59.17,,,,,3.562307692307692,16.610019434247462,,,,,,,
2022-10-20,59.31,,,,,3.564285714285714,16.640080160320643,,,,,,,
2022-10-21,60.93,,,,,3.5662637362637364,17.085107694203924,,,,,,,
2022-10-24,61.18,,,,,3.572197802197802,17.126711169901867,,,,,,,
2022-10-25,63.11,,,,,3.574175824175824,17.657217524980783,,,,,,,
2022-10-26,62.69,,,,,3.5761538461538462,17.530006453000645,,,,,,,
2022-10-27,63.33,,,,,3.578131868131868,17.69918000061423,,,,,,,
2022-10-28,65.01,,,,,3.58010989010989,18.158660486816665,,,,,,,
2022-10-31,64.67,,,,,3.586043956043956,18.033800140961603,,,,,,,
2022-11-01,63.33,,,,,3.588021978021978,17.650393556093228,,,,,,,
2022-11-02,60.98,2022-11-02,3.59,0.0,actual,3.59,16.98607242339833,,,,,,,
2022-11-03,58.04,,,,,3.59010989010989,16.16663605754515,,,,,,,
2022-11-04,57.97,,,,,3.59021978021978,16.146643812555478,,,,,,,
2022-11-07,58.89,,,,,3.5905494505494504,16.40138948399339,,,,,,,
2022-11-08,57.96,,,,,3.5906593406593403,16.141882172915075,,,,,,,
2022-11-09,56.86,,,,,3.5907692307692307,15.835047129391604,,,,,,,
2022-11-10,59.38,,,,,3.5908791208791206,16.5363405453377,,,,,,,
2022-11-11,59.6,,,,,3.590989010989011,16.597098965664973,,,,,,,
2022-11-14,60.28,,,,,3.5913186813186813,16.78492090205318,,,,,,,
2022-11-15,60.1,,,,,3.591428571428571,16.734287987271284,,,,,,,
2022-11-16,60.37,,,,,3.5915384615384616,16.80895266652388,,,,,,,
2022-11-17,59.71,,,,,3.5916483516483515,16.62467874189206,,,,,,,
2022-11-18,59.48,,,,,3.591758241758242,16.560134618326448,,,,,,,
2022-11-21,59.38,,,,,3.592087912087912,16.530775819872737,,,,,,,
2022-11-22,61.52,,,,,3.592197802197802,17.12600568998746,,,,,,,
2022-11-23,61.31,,,,,3.5923076923076924,17.067023554603853,,,,,,,
2022-11-25,61.06,,,,,3.5925274725274723,16.996390554264043,,,,,,,
2022-11-28,60.87,,,,,3.592857142857143,16.941948310139164,,,,,,,
2022-11-29,60.5,,,,,3.592967032967033,16.838451186689504,,,,,,,
2022-11-30,61.84,,,,,3.593076923076923,17.210875615499894,,,,,,,
2022-12-01,61.93,,,,,3.593186813186813,17.235396660346197,,,,,,,
2022-12-02,61.51,,,,,3.593296703296703,17.11798525948806,,,,,,,
2022-12-05,58.74,,,,,3.5936263736263734,16.3456057733472,,,,,,,
2022-12-06,57.76,,,,,3.593736263736264,16.072409259089376,,,,,,,
2022-12-07,57.33,,,,,3.5938461538461537,15.952268835616438,,,,,,,
2022-12-08,57.6,,,,,3.593956043956044,16.02690720073383,,,,,,,
2022-12-09,56.52,,,,,3.594065934065934,15.725921849201985,,,,,,,
2022-12-12,58.27,,,,,3.594395604395604,16.21134855850072,,,,,,,
2022-12-13,57.97,,,,,3.5945054945054946,16.127392234790584,,,,,,,
2022-12-14,56.89,,,,,3.5946153846153845,15.826449818104004,,,,,,,
2022-12-15,56.04,,,,,3.5947252747252745,15.589508437270728,,,,,,,
2022-12-16,55.26,,,,,3.594835164835165,15.372053923516644,,,,,,,
2022-12-19,55.69,,,,,3.595164835164835,15.490249419244408,,,,,,,
2022-12-20,55.46,,,,,3.595274725274725,15.425803099306172,,,,,,,
2022-12-21,56.2,,,,,3.5953846153846154,15.63115104835259,,,,,,,
2022-12-22,56.02,,,,,3.5954945054945053,15.580610654359852,,,,,,,
2022-12-23,56.82,,,,,3.595604395604396,15.802628361858188,,,,,,,
2022-12-27,57.33,,,,,3.596043956043956,15.942519251925193,,,,,,,
2022-12-28,56.2,,,,,3.5961538461538463,15.627807486631015,,,,,,,
2022-12-29,57.2,,,,,3.596263736263736,15.90539632096804,,,,,,,
2022-12-30,57.2,,,,,3.5963736263736266,15.9049103186971,,,,,,,
2023-01-03,58.26,,,,,3.5968131868131867,16.197671931807765,,,,,,,
2023-01-04,58.83,,,,,3.596923076923077,16.355645851154833,,,,,,,
2023-01-05,58.64,,,,,3.597032967032967,16.302324870925364,,,,,,,
2023-01-06,59.09,,,,,3.597142857142857,16.426926131850678,,,,,,,
2023-01-09,57.53,,,,,3.597472527472528,15.991782997831198,,,,,,,
2023-01-10,56.98,,,,,3.5975824175824176,15.8384140753864,,,,,,,
2023-01-11,57.43,,,,,3.5976923076923075,15.963010476801369,,,,,,,
2023-01-12,58.2,,,,,3.597802197802198,16.17654245571167,,,,,,,
2023-01-13,58.39,,,,,3.597912087912088,16.228856785070708,,,,,,,
2023-01-17,58.27,,,,,3.5983516483516484,16.19352572911895,,,,,,,
2023-01-18,58.12,,,,,3.5984615384615384,16.151346729371525,,,,,,,
2023-01-19,56.99,,,,,3.5985714285714288,15.836840015879316,,,,,,,
2023-01-20,57.94,,,,,3.5986813186813187,16.100342005618664,,,,,,,
2023-01-23,58.4,,,,,3.599010989010989,16.22668010137095,,,,,,,
2023-01-24,58.22,,,,,3.59912087912088,16.17617244748412,,,,,,,
2023-01-25,58.84,,,,,3.599230769230769,16.347937593502888,,,,,,,
2023-01-26,59.43,,,,,3.59934065934066,16.511357391463633,,,,,,,
2023-01-27,58.64,,,,,3.599450549450549,16.291375362540073,,,,,,,
2023-01-30,58.25,,,,,3.59978021978022,16.181543439770437,,,,,,,
2023-01-31,59.67,,,,,3.59989010989011,16.575505967825634,,,,,,,
2023-02-01,60.94,2023-02-01,3.6,0.0,actual,3.6,16.927777777777777,,,,,,,
2023-02-02,61.92,,,,,3.601978021978022,17.190554640307525,,,,,,,
2023-02-03,61.64,,,,,3.603956043956044,17.103427247225273,,,,,,,
2023-02-06,60.83,,,,,3.60989010989011,16.850928462709284,,,,,,,
2023-02-07,61.18,,,,,3.611868131868132,16.938602896434222,,,,,,,
2023-02-08,60.58,,,,,3.6138461538461537,16.763303533418476,,,,,,,
2023-02-09,60.28,,,,,3.615824175824176,16.671164600048627,,,,,,,
2023-02-10,60.68,,,,,3.617802197802198,16.77261405746917,,,,,,,
2023-02-13,61.0,,,,,3.623736263736264,16.83345463367297,,,,,,,
2023-02-14,59.81,,,,,3.625714285714286,16.49605988967691,,,,,,,
2023-02-15,59.87,,,,,3.627692307692308,16.503604749787954,,,,,,,
2023-02-16,59.92,,,,,3.6296703296703297,16.508386315470784,,,,,,,
2023-02-17,60.54,,,,,3.631648351648352,16.670116194625997,,,,,,,
2023-02-21,59.79,,,,,3.63956043956044,16.42780797101449,,,,,,,
2023-02-22,58.78,,,,,3.641538461538461,16.141529362061686,,,,,,,
2023-02-23,57.66,,,,,3.643516483516484,15.82537097357944,,,,,,,
2023-02-24,56.97,,,,,3.6454945054945056,15.627509495387956,,,,,,,
2023-02-27,56.83,,,,,3.6514285714285712,15.563771517996871,,,,,,,
2023-02-28,56.2,,,,,3.6534065934065936,15.382903206400773,,,,,,,
2023-03-01,57.19,,,,,3.655384615384616,15.645412457912457,,,,,,,
2023-03-02,57.02,,,,,3.657362637362637,15.590469322757048,,,,,,,
2023-03-03,57.1,,,,,3.659340659340659,15.603903903903904,,,,,,,
2023-03-06,55.87,,,,,3.665274725274725,15.243059303231997,,,,,,,
2023-03-07,55.32,,,,,3.667252747252747,15.084861560589715,,,,,,,
2023-03-08,55.87,,,,,3.669230769230769,15.226624737945492,,,,,,,
2023-03-09,53.35,,,,,3.671208791208791,14.53199832375479,,,,,,,
2023-03-10,52.43,,,,,3.673186813186813,14.273709088733323,,,,,,,
2023-03-13,50.24,,,,,3.679120879120879,13.655436081242534,,,,,,,
2023-03-14,50.5,,,,,3.681098901098901,13.71872947638665,,,,,,,
2023-03-15,50.37,,,,,3.683076923076923,13.676065162907268,,,,,,,
2023-03-16,51.68,,,,,3.685054945054945,14.024214230333394,,,,,,,
2023-03-17,51.63,,,,,3.687032967032967,14.00312947067239,,,,,,,
2023-03-20,53.18,,,,,3.692967032967033,14.400345176456584,,,,,,,
2023-03-21,53.28,,,,,3.694945054945055,14.419700214132764,,,,,,,
2023-03-22,52.03,,,,,3.6969230769230768,14.073866000832291,,,,,,,
2023-03-23,51.6,,,,,3.698901098901098,13.950089126559718,,,,,,,
2023-03-24,51.93,,,,,3.700879120879121,14.031801175841796,,,,,,,
2023-03-27,52.25,,,,,3.7068131868131866,14.095665836594332,,,,,,,
2023-03-28,52.56,,,,,3.708791208791209,14.171733333333334,,,,,,,
2023-03-29,52.78,,,,,3.710769230769231,14.22346600331675,,,,,,,
2023-03-30,52.97,,,,,3.7127472527472527,14.26706328064879,,,,,,,
2023-03-31,53.7,,,,,3.7147252747252746,14.45598154064608,,,,,,,
2023-04-03,53.84,,,,,3.7206593406593407,14.470553488097348,,,,,,,
2023-04-04,54.27,,,,,3.7226373626373626,14.578374070138151,,,,,,,
2023-04-05,53.78,,,,,3.724615384615384,14.43907476249484,,,,,,,
2023-04-06,54.43,,,,,3.7265934065934063,14.605832743571598,,,,,,,
2023-04-10,54.17,,,,,3.7345054945054943,14.50526718455744,,,,,,,
2023-04-11,54.02,,,,,3.736483516483516,14.457443679783545,,,,,,,
2023-04-12,53.53,,,,,3.7384615384615385,14.318724279835392,,,,,,,
2023-04-13,54.8,,,,,3.74043956043956,14.650684529055765,,,,,,,
2023-04-14,54.0,,,,,3.7424175824175823,14.429175475687105,,,,,,,
2023-04-17,54.32,,,,,3.748351648351648,14.491703312811492,,,,,,,
2023-04-18,53.65,,,,,3.7503296703296702,14.305409048288794,,,,,,,
2023-04-19,52.84,,,,,3.752307692307692,14.082000820008204,,,,,,,
2023-04-20,52.82,,,,,3.754285714285714,14.069254185692545,,,,,,,
2023-04-21,52.37,,,,,3.756263736263736,13.942045521034464,,,,,,,
2023-04-24,52.23,,,,,3.762197802197802,13.882842621801611,,,,,,,
2023-04-25,51.38,,,,,3.764175824175824,13.64973433759561,,,,,,,
2023-04-26,51.05,,,,,3.7661538461538457,13.554942810457517,,,,,,,
2023-04-27,52.24,,,,,3.768131868131868,13.86363371245261,,,,,,,
2023-04-28,52.68,,,,,3.77010989010989,13.97306750612102,,,,,,,
2023-05-01,52.63,,,,,3.776043956043956,13.93786741167569,,,,,,,
2023-05-02,51.3,,,,,3.778021978021978,13.578534031413612,,,,,,,
2023-05-03,51.04,2023-05-03,3.78,0.0,actual,3.78,13.502645502645503,,,,,,,
2023-05-04,49.69,,,,,3.779560439560439,13.147031458975404,,,,,,,
2023-05-05,49.88,,,,,3.779120879120879,13.198836871183484,,,,,,,
2023-05-08,48.74,,,,,3.7778021978021976,12.901681307813137,,,,,,,
2023-05-09,49.2,,,,,3.777362637362637,13.024960726130216,,,,,,,
2023-05-10,49.61,,,,,3.776923076923077,13.135030549898168,,,,,,,
2023-05-11,49.08,,,,,3.776483516483516,12.996217191410116,,,,,,,
2023-05-12,49.76,,,,,3.776043956043956,13.177812700075664,,,,,,,
2023-05-15,49.35,,,,,3.774725274725274,13.073799126637557,,,,,,,
2023-05-16,49.3,,,,,3.774285714285714,13.062074186222558,,,,,,,
2023-05-17,48.96,,,,,3.773846153846154,12.97350183448838,,,,,,,
2023-05-18,49.08,,,,,3.773406593406593,13.006814607723223,,,,,,,
2023-05-19,49.37,,,,,3.772967032967033,13.085192520533582,,,,,,,
2023-05-22,49.52,,,,,3.771648351648352,13.129537905716449,,,,,,,
2023-05-23,49.65,,,,,3.771208791208791,13.165539949880529,,,,,,,
2023-05-24,49.01,,,,,3.770769230769231,12.99734802121583,,,,,,,
2023-05-25,47.86,,,,,3.7703296703296703,12.69385018944914,,,,,,,
2023-05-26,48.32,,,,,3.7698901098901096,12.81734973474028,,,,,,,
2023-05-30,47.8,,,,,3.768131868131868,12.68533100029163,,,,,,,
2023-05-31,47.98,,,,,3.767692307692308,12.734585545120456,,,,,,,
2023-06-01,49.02,,,,,3.7672527472527473,13.012134647920192,,,,,,,
2023-06-02,50.85,,,,,3.766813186813186,13.499474881848418,,,,,,,
2023-06-05,49.27,,,,,3.765494505494505,13.084602813284308,,,,,,,
2023-06-06,49.98,,,,,3.765054945054945,13.274706672114878,,,,,,,
2023-06-07,50.6,,,,,3.764615384615385,13.440948099713935,,,,,,,
2023-06-08,49.7,,,,,3.764175824175824,13.203421498219187,,,,,,,
2023-06-09,50.0,,,,,3.763736263736264,13.284671532846714,,,,,,,
2023-06-12,50.7,,,,,3.7624175824175823,13.475378234709972,,,,,,,
2023-06-13,51.03,,,,,3.761978021978022,13.564672547759535,,,,,,,
2023-06-14,49.65,,,,,3.7615384615384615,13.199386503067483,,,,,,,
2023-06-15,50.49,,,,,3.761098901098901,13.424268100274649,,,,,,,
2023-06-16,50.68,,,,,3.7606593406593407,13.476360236105428,,,,,,,
2023-06-20,50.74,,,,,3.758901098901099,13.498625972051686,,,,,,,
2023-06-21,52.32,,,,,3.7584615384615385,13.920589439214082,,,,,,,
2023-06-22,51.54,,,,,3.758021978021978,13.71466167612141,,,,,,,
2023-06-23,51.23,,,,,3.7575824175824177,13.63376615780546,,,,,,,
2023-06-26,51.38,,,,,3.756263736263736,13.67848575273536,,,,,,,
2023-06-27,51.9,,,,,3.755824175824176,13.818538240973725,,,,,,,
2023-06-28,51.4,,,,,3.755384615384616,13.687013519049568,,,,,,,
2023-06-29,52.58,,,,,3.754945054945055,14.002868012876792,,,,,,,
2023-06-30,52.74,,,,,3.754505494505495,14.047122870690158,,,,,,,
2023-07-03,52.61,,,,,3.753186813186813,14.01742109269778,,,,,,,
2023-07-05,52.14,,,,,3.752307692307693,13.895448954489542,,,,,,,
2023-07-06,51.68,,,,,3.751868131868132,13.774471325639974,,,,,,,
2023-07-07,51.67,,,,,3.7514285714285713,13.773419649657274,,,,,,,
2023-07-10,51.92,,,,,3.7501098901098895,13.844927621168614,,,,,,,
2023-07-11,51.85,,,,,3.7496703296703298,13.827882304671473,,,,,,,
2023-07-12,51.81,,,,,3.749230769230769,13.81883463274518,,,,,,,
2023-07-13,52.2,,,,,3.748791208791209,13.924488479803014,,,,,,,
2023-07-14,52.39,,,,,3.748351648351648,13.976810319554383,,,,,,,
2023-07-17,51.93,,,,,3.747032967032968,13.858965335210272,,,,,,,
2023-07-18,52.02,,,,,3.746593406593407,13.884613128409692,,,,,,,
2023-07-19,52.55,,,,,3.746153846153846,14.027720739219712,,,,,,,
2023-07-20,52.48,,,,,3.745714285714286,14.010678871090768,,,,,,,
2023-07-21,52.84,,,,,3.745274725274725,14.108444340120888,,,,,,,
2023-07-24,53.12,,,,,3.743956043956044,14.188200763134722,,,,,,,
2023-07-25,53.27,,,,,3.743516483516484,14.229936006575471,,,,,,,
2023-07-26,53.05,,,,,3.743076923076923,14.172831894780106,,,,,,,
2023-07-27,51.68,,,,,3.742637362637363,13.808444418345177,,,,,,,
2023-07-28,51.36,,,,,3.7421978021978015,13.72455511834146,,,,,,,
2023-07-31,51.59,,,,,3.740879120879121,13.790875976734622,,,,,,,
2023-08-01,51.55,,,,,3.740439560439561,13.781802691109934,,,,,,,
2023-08-02,52.59,2023-08-02,3.74,0.0,actual,3.74,14.06149732620321,,,,,,,
2023-08-03,59.57,,,,,3.7384615384615385,15.934362139917695,,,,,,,
2023-08-04,54.56,,,,,3.736923076923077,14.600247015232608,,,,,,,
2023-08-07,54.58,,,,,3.732307692307693,14.623660346248966,,,,,,,
2023-08-08,54.55,,,,,3.730769230769231,14.621649484536082,,,,,,,
2023-08-09,54.9,,,,,3.7292307692307696,14.721534653465344,,,,,,,
2023-08-10,55.04,,,,,3.727692307692308,14.765167148163432,,,,,,,
2023-08-11,55.98,,,,,3.726153846153846,15.023534269199008,,,,,,,
2023-08-14,55.07,,,,,3.721538461538462,14.797643654402645,,,,,,,
2023-08-15,54.34,,,,,3.72,14.60752688172043,,,,,,,
2023-08-16,54.33,,,,,3.7184615384615385,14.61088125775755,,,,,,,
2023-08-17,53.82,,,,,3.716923076923077,14.479718543046356,,,,,,,
2023-08-18,53.46,,,,,3.715384615384616,14.388819875776395,,,,,,,
2023-08-21,53.46,,,,,3.710769230769231,14.406716417910449,,,,,,,
2023-08-22,53.92,,,,,3.7092307692307696,14.536706760680216,,,,,,,
2023-08-23,54.04,,,,,3.707692307692308,14.575103734439834,,,,,,,
2023-08-24,54.4,,,,,3.706153846153846,14.678289746782896,,,,,,,
2023-08-25,54.55,,,,,3.704615384615385,14.72487541528239,,,,,,,
2023-08-28,54.83,,,,,3.7,14.818918918918918,,,,,,,
2023-08-29,54.44,,,,,3.6984615384615385,14.71963394342762,,,,,,,
2023-08-30,55.46,,,,,3.696923076923077,15.001664585934249,,,,,,,
2023-08-31,54.31,,,,,3.695384615384616,14.696711074104911,,,,,,,
2023-09-01,54.74,,,,,3.693846153846154,14.81924198250729,,,,,,,
2023-09-05,52.47,,,,,3.687692307692308,14.228410513141426,,,,,,,
2023-09-06,53.62,,,,,3.686153846153846,14.546327212020032,,,,,,,
2023-09-07,53.86,,,,,3.684615384615385,14.617536534446764,,,,,,,
2023-09-08,53.22,,,,,3.683076923076923,14.449874686716791,,,,,,,
2023-09-11,53.87,,,,,3.6784615384615376,14.644709326641577,,,,,,,
2023-09-12,53.76,,,,,3.676923076923077,14.620920502092048,,,,,,,
2023-09-13,52.67,,,,,3.675384615384616,14.330473001255754,,,,,,,
2023-09-14,53.2,,,,,3.673846153846154,14.48073701842546,,,,,,,
2023-09-15,52.7,,,,,3.672307692307693,14.350649350649348,,,,,,,
2023-09-18,52.42,,,,,3.667692307692308,14.29236577181208,,,,,,,
2023-09-19,52.68,,,,,3.666153846153846,14.369282417121276,,,,,,,
2023-09-20,52.44,,,,,3.664615384615385,14.309823677581862,,,,,,,
2023-09-21,51.8,,,,,3.663076923076923,14.141117177656444,,,,,,,
2023-09-22,51.53,,,,,3.661538461538462,14.073319327731092,,,,,,,
2023-09-25,51.26,,,,,3.656923076923077,14.01724863273033,,,,,,,
2023-09-26,50.96,,,,,3.655384615384616,13.94107744107744,,,,,,,
2023-09-27,51.34,,,,,3.653846153846154,14.050947368421053,,,,,,,
2023-09-28,51.42,,,,,3.652307692307693,14.078770008424598,,,,,,,
2023-09-29,51.12,,,,,3.650769230769231,14.002528445006318,,,,,,,
2023-10-02,52.25,,,,,3.646153846153846,14.330168776371307,,,,,,,
2023-10-03,51.25,,,,,3.644615384615385,14.0618404390038,,,,,,,
2023-10-04,51.38,,,,,3.643076923076923,14.10346283783784,,,,,,,
2023-10-05,50.7,,,,,3.641538461538462,13.922686945500631,,,,,,,
2023-10-06,51.45,,,,,3.64,14.134615384615383,,,,,,,
2023-10-09,52.37,,,,,3.635384615384616,14.405628438425728,,,,,,,
2023-10-10,52.79,,,,,3.633846153846154,14.52730736663844,,,,,,,
2023-10-11,52.77,,,,,3.632307692307693,14.5279542566709,,,,,,,
2023-10-12,51.38,,,,,3.630769230769231,14.151271186440676,,,,,,,
2023-10-13,50.98,,,,,3.6292307692307695,14.047053836371342,,,,,,,
2023-10-16,51.59,,,,,3.624615384615385,14.23323429541596,,,,,,,
2023-10-17,52.16,,,,,3.623076923076923,14.39660297239915,,,,,,,
2023-10-18,52.11,,,,,3.621538461538462,14.388912489379775,,,,,,,
2023-10-19,51.26,,,,,3.62,14.160220994475138,,,,,,,
2023-10-20,51.12,,,,,3.6184615384615375,14.127551020408166,,,,,,,
2023-10-23,49.53,,,,,3.613846153846154,13.705619412515963,,,,,,,
2023-10-24,49.78,,,,,3.612307692307693,13.780664395229982,,,,,,,
2023-10-25,48.8,,,,,3.610769230769231,13.51512569237324,,,,,,,
2023-10-26,48.36,,,,,3.6092307692307695,13.398976982097183,,,,,,,
2023-10-27,46.63,,,,,3.607692307692308,12.925159914712152,,,,,,,
2023-10-30,46.85,,,,,3.603076923076923,13.002775405636209,,,,,,,
2023-10-31,46.86,,,,,3.601538461538462,13.011106364801366,,,,,,,
2023-11-01,46.6,2023-11-01,3.6,0.0,actual,3.6,12.944444444444445,,,,,,,
2023-11-02,48.44,,,,,3.6008163265306123,13.452505100884151,,,,,,,
2023-11-03,49.61,,,,,3.6016326530612246,13.77430870353581,,,,,,,
2023-11-06,50.34,,,,,3.604081632653061,13.967497168742923,,,,,,,
2023-11-07,50.76,,,,,3.6048979591836736,14.080842391304346,,,,,,,
2023-11-08,50.35,,,,,3.605714285714286,13.963946117274167,,,,,,,
2023-11-09,49.61,,,,,3.606530612244898,13.75560208239022,,,,,,,
2023-11-10,49.86,,,,,3.6073469387755104,13.821792260692463,,,,,,,
2023-11-13,50.0,,,,,3.609795918367347,13.85119855269109,,,,,,,
2023-11-14,51.14,,,,,3.61061224489796,14.163802848745194,,,,,,,
2023-11-15,51.34,,,,,3.611428571428572,14.215981012658226,,,,,,,
2023-11-16,51.04,,,,,3.612244897959184,14.129717514124293,,,,,,,
2023-11-17,50.86,,,,,3.613061224489796,14.076705829191145,,,,,,,
2023-11-20,51.65,,,,,3.615510204081633,14.285673967035446,,,,,,,
2023-11-21,51.27,,,,,3.616326530612245,14.17737020316027,,,,,,,
2023-11-22,51.36,,,,,3.6171428571428574,14.19905213270142,,,,,,,
2023-11-24,51.17,,,,,3.618775510204082,14.140142115948567,,,,,,,
2023-11-27,51.21,,,,,3.6212244897959183,14.141625338142472,,,,,,,
2023-11-28,50.92,,,,,3.6220408163265305,14.058372774397116,,,,,,,
2023-11-29,49.89,,,,,3.622857142857143,13.770899053627758,,,,,,,
2023-11-30,49.19,,,,,3.623673469387755,13.574622662761882,,,,,,,
2023-12-01,52.76,,,,,3.6244897959183673,14.556531531531531,,,,,,,
2023-12-04,52.63,,,,,3.626938775510204,14.510859779428316,,,,,,,
2023-12-05,51.68,,,,,3.627755102040816,14.245724572457249,,,,,,,
2023-12-06,52.92,,,,,3.628571428571429,14.584251968503937,,,,,,,
2023-12-07,52.63,,,,,3.629387755102041,14.501068376068377,,,,,,,
2023-12-08,52.22,,,,,3.630204081632653,14.384866201933889,,,,,,,
2023-12-11,52.25,,,,,3.63265306122449,14.383426966292134,,,,,,,
2023-12-12,51.84,,,,,3.633469387755102,14.267355650415638,,,,,,,
2023-12-13,52.75,,,,,3.6342857142857135,14.514544025157235,,,,,,,
2023-12-14,53.47,,,,,3.635102040816327,14.709353245003363,,,,,,,
2023-12-15,53.14,,,,,3.635918367346939,14.6152896273013,,,,,,,
2023-12-18,52.79,,,,,3.638367346938776,14.509255104330265,,,,,,,
2023-12-19,53.22,,,,,3.639183673469388,14.62415881561238,,,,,,,
2023-12-20,52.46,,,,,3.64,14.412087912087912,,,,,,,
2023-12-21,53.59,,,,,3.640816326530613,14.719226457399104,,,,,,,
2023-12-22,53.68,,,,,3.6416326530612246,14.740641111858327,,,,,,,
2023-12-26,53.74,,,,,3.6448979591836737,14.743896976483764,,,,,,,
2023-12-27,53.44,,,,,3.645714285714286,14.658307210031346,,,,,,,
2023-12-28,53.35,,,,,3.646530612244898,14.630344750391762,,,,,,,
2023-12-29,53.21,,,,,3.6473469387755104,14.588686213070725,,,,,,,
2024-01-02,53.12,,,,,3.65061224489796,14.550983899821103,,,,,,,
2024-01-03,52.04,,,,,3.651428571428572,14.251956181533645,,,,,,,
2024-01-04,51.96,,,,,3.652244897959184,14.22686633884667,,,,,,,
2024-01-05,50.88,,,,,3.653061224489796,13.92804469273743,,,,,,,
2024-01-08,51.16,,,,,3.655510204081633,13.99531040643144,,,,,,,
2024-01-09,50.75,,,,,3.656326530612245,13.880051350747934,,,,,,,
2024-01-10,50.7,,,,,3.6571428571428575,13.86328125,,,,,,,
2024-01-11,51.35,,,,,3.6579591836734697,14.037882169158667,,,,,,,
2024-01-12,52.54,,,,,3.658775510204082,14.35999553770638,,,,,,,
2024-01-16,51.63,,,,,3.6620408163265306,14.098695942933572,,,,,,,
2024-01-17,51.59,,,,,3.662857142857143,14.084633385335415,,,,,,,
2024-01-18,52.13,,,,,3.663673469387755,14.22888814616756,,,,,,,
2024-01-19,52.08,,,,,3.6644897959183673,14.212073958565382,,,,,,,
2024-01-22,52.86,,,,,3.666938775510204,14.415293855743544,,,,,,,
2024-01-23,52.45,,,,,3.667755102040816,14.300300467393726,,,,,,,
2024-01-24,52.27,,,,,3.6685714285714286,14.24805295950156,,,,,,,
2024-01-25,52.2,,,,,3.669387755102041,14.225806451612904,,,,,,,
2024-01-26,51.87,,,,,3.670204081632653,14.13272909252669,,,,,,,
2024-01-29,52.41,,,,,3.67265306122449,14.270337852856189,,,,,,,
2024-01-30,52.18,,,,,3.673469387755102,14.204555555555554,,,,,,,
2024-01-31,50.31,,,,,3.6742857142857135,13.692457231726287,,,,,,,
2024-02-01,50.74,,,,,3.675102040816327,13.806419369169255,,,,,,,
2024-02-02,48.06,,,,,3.675918367346939,13.074283810792805,,,,,,,
2024-02-05,46.33,,,,,3.678367346938776,12.595261873058142,,,,,,,
2024-02-06,46.43,,,,,3.679183673469388,12.619647215442644,,,,,,,
2024-02-07,46.36,2024-02-07,3.68,0.0,actual,3.68,12.597826086956522,,,,,,,
2024-02-08,53.34,,,,,3.6796428571428574,14.49597204697661,,,,,,,
2024-02-09,53.7,,,,,3.6792857142857134,14.595224228305188,,,,,,,
2024-02-12,54.69,,,,,3.6782142857142857,14.868628022138072,,,,,,,
2024-02-13,52.5,,,,,3.677857142857143,14.274616430374827,,,,,,,
2024-02-14,52.92,,,,,3.6775,14.390210740992522,,,,,,,
2024-02-15,53.63,,,,,3.6771428571428575,14.584693084693084,,,,,,,
2024-02-16,53.09,,,,,3.6767857142857134,14.439242350655665,,,,,,,
2024-02-20,52.08,,,,,3.675357142857143,14.170051501311823,,,,,,,
2024-02-21,53.06,,,,,3.675,14.43809523809524,,,,,,,
2024-02-22,52.36,,,,,3.674642857142857,14.249003790455829,,,,,,,
2024-02-23,53.93,,,,,3.6742857142857135,14.67768273716952,,,,,,,
2024-02-26,53.31,,,,,3.6732142857142858,14.51317452600875,,,,,,,
2024-02-27,54.79,,,,,3.672857142857143,14.917541812524307,,,,,,,
2024-02-28,54.57,,,,,3.6725,14.859087814840027,,,,,,,
2024-02-29,54.56,,,,,3.672142857142857,14.857809764637231,,,,,,,
2024-03-01,54.52,,,,,3.6717857142857135,14.848361054372146,,,,,,,
2024-03-04,53.99,,,,,3.670714285714286,14.70830900953493,,,,,,,
2024-03-05,53.33,,,,,3.670357142857143,14.529921183224674,,,,,,,
2024-03-06,53.26,,,,,3.67,14.512261580381471,,,,,,,
2024-03-07,53.27,,,,,3.669642857142857,14.516399026763992,,,,,,,
2024-03-08,53.08,,,,,3.6692857142857145,14.466030757251312,,,,,,,
2024-03-11,53.96,,,,,3.668214285714286,14.710154804790186,,,,,,,
2024-03-12,53.25,,,,,3.667857142857143,14.51801363193768,,,,,,,
2024-03-13,52.27,,,,,3.6675,14.25221540558964,,,,,,,
2024-03-14,50.91,,,,,3.667142857142857,13.8827425009739,,,,,,,
2024-03-15,50.94,,,,,3.6667857142857145,13.892276224797897,,,,,,,
2024-03-18,50.77,,,,,3.665714285714286,13.84996102883866,,,,,,,
2024-03-19,51.05,,,,,3.665357142857143,13.927701451817205,,,,,,,
2024-03-20,51.53,,,,,3.665,14.060027285129603,,,,,,,
2024-03-21,51.39,,,,,3.664642857142857,14.023194620407368,,,,,,,
2024-03-22,50.76,,,,,3.664285714285714,13.852631578947369,,,,,,,
2024-03-25,50.73,,,,,3.6632142857142855,13.848493711611582,,,,,,,
2024-03-26,50.3,,,,,3.662857142857143,13.732449297971918,,,,,,,
2024-03-27,50.48,,,,,3.6625,13.782935153583615,,,,,,,
2024-03-28,51.54,,,,,3.662142857142858,14.073727325921588,,,,,,,
2024-04-01,51.15,,,,,3.6607142857142856,13.972682926829268,,,,,,,
2024-04-02,50.34,,,,,3.660357142857143,13.75275636647478,,,,,,,
2024-04-03,49.36,,,,,3.66,13.486338797814208,,,,,,,
2024-04-04,49.33,,,,,3.659642857142857,13.479457402166489,,,,,,,
2024-04-05,48.67,,,,,3.659285714285714,13.300409916064808,,,,,,,
2024-04-08,49.42,,,,,3.6582142857142856,13.50932344039832,,,,,,,
2024-04-09,50.0,,,,,3.657857142857143,13.66920523335286,,,,,,,
2024-04-10,48.64,,,,,3.6575,13.298701298701298,,,,,,,
2024-04-11,48.47,,,,,3.657142857142857,13.253515625,,,,,,,
2024-04-12,48.17,,,,,3.6567857142857134,13.172770778396332,,,,,,,
2024-04-15,47.54,,,,,3.6557142857142857,13.004298554122704,,,,,,,
2024-04-16,47.77,,,,,3.655357142857143,13.068490473864191,,,,,,,
2024-04-17,48.0,,,,,3.655,13.132694938440492,,,,,,,
2024-04-18,48.4,,,,,3.654642857142857,13.243428124694615,,,,,,,
2024-04-19,48.9,,,,,3.6542857142857135,13.381548084440972,,,,,,,
2024-04-22,49.23,,,,,3.6532142857142857,13.47580408642096,,,,,,,
2024-04-23,49.55,,,,,3.652857142857143,13.564724286272977,,,,,,,
2024-04-24,49.83,,,,,3.6525,13.64271047227926,,,,,,,
2024-04-25,48.19,,,,,3.652142857142857,13.194993154703695,,,,,,,
2024-04-26,48.06,,,,,3.6517857142857135,13.16068459657702,,,,,,,
2024-04-29,48.34,,,,,3.650714285714286,13.241244374877716,,,,,,,
2024-04-30,47.24,,,,,3.650357142857143,12.941199491243518,,,,,,,
2024-05-01,45.82,2024-05-01,3.65,0.0,actual,3.65,12.553424657534247,,,,,,,
2024-05-02,42.04,,,,,3.652244897959184,11.51072865444792,,,,,,,
2024-05-03,41.7,,,,,3.654489795918367,11.410621544647348,,,,,,,
2024-05-06,42.91,,,,,3.6612244897959183,11.720122630992195,,,,,,,
2024-05-07,41.93,,,,,3.663469387755102,11.445434794718958,,,,,,,
2024-05-08,41.57,,,,,3.6657142857142855,11.340218238503509,,,,,,,
2024-05-09,43.55,,,,,3.6679591836734695,11.873087408891111,,,,,,,
2024-05-10,42.03,,,,,3.670204081632653,11.451679270462634,,,,,,,
2024-05-13,43.25,,,,,3.676938775510204,11.762502081367598,,,,,,,
2024-05-14,43.2,,,,,3.679183673469388,11.741735078766364,,,,,,,
2024-05-15,43.56,,,,,3.681428571428572,11.832363213038416,,,,,,,
2024-05-16,43.22,,,,,3.683673469387755,11.732853185595568,,,,,,,
2024-05-17,42.78,,,,,3.685918367346938,11.60633409002824,,,,,,,
2024-05-20,42.77,,,,,3.69265306122449,11.582458273460816,,,,,,,
2024-05-21,42.07,,,,,3.6948979591836735,11.385970726318696,,,,,,,
2024-05-22,42.21,,,,,3.697142857142857,11.41692426584235,,,,,,,
2024-05-23,42.08,,,,,3.6993877551020407,11.374855188393004,,,,,,,
2024-05-24,42.22,,,,,3.701632653061224,11.405777924798766,,,,,,,
2024-05-28,42.69,,,,,3.710612244897959,11.504839951600484,,,,,,,
2024-05-29,42.7,,,,,3.712857142857143,11.500577145055791,,,,,,,
2024-05-30,42.86,,,,,3.715102040816327,11.53669523181718,,,,,,,
2024-05-31,43.15,,,,,3.7173469387755103,11.607740872906945,,,,,,,
2024-06-03,42.31,,,,,3.724081632653061,11.361190267426569,,,,,,,
2024-06-04,41.22,,,,,3.726326530612245,11.061832520948572,,,,,,,
2024-06-05,41.01,,,,,3.7285714285714286,10.998850574712645,,,,,,,
2024-06-06,40.82,,,,,3.730816326530612,10.941305180241782,,,,,,,
2024-06-07,40.8,,,,,3.733061224489796,10.929368029739775,,,,,,,
2024-06-10,40.06,,,,,3.739795918367347,10.71181446111869,,,,,,,
2024-06-11,40.62,,,,,3.74204081632653,10.855039267015709,,,,,,,
2024-06-12,40.97,,,,,3.744285714285714,10.942006867607784,,,,,,,
2024-06-13,40.7,,,,,3.746530612244898,10.863383810872646,,,,,,,
2024-06-14,40.48,,,,,3.748775510204082,10.798192607109804,,,,,,,
2024-06-17,40.11,,,,,3.7555102040816326,10.68030648842517,,,,,,,
2024-06-18,39.89,,,,,3.757755102040816,10.61538043773421,,,,,,,
2024-06-20,41.34,,,,,3.762244897959184,10.98812042310822,,,,,,,
2024-06-21,41.41,,,,,3.764489795918368,11.000162636886044,,,,,,,
2024-06-24,40.87,,,,,3.771224489795918,10.837328859786783,,,,,,,
2024-06-25,41.01,,,,,3.773469387755102,10.867982693347754,,,,,,,
2024-06-26,41.08,,,,,3.775714285714286,10.880060537268257,,,,,,,
2024-06-27,41.0,,,,,3.777959183673469,10.852420051858257,,,,,,,
2024-06-28,41.17,,,,,3.780204081632653,10.890946390973385,,,,,,,
2024-07-01,40.49,,,,,3.786938775510204,10.692013364949345,,,,,,,
2024-07-02,40.43,,,,,3.789183673469388,10.66984434749825,,,,,,,
2024-07-03,40.3,,,,,3.7914285714285714,10.629238884702335,,,,,,,
2024-07-05,40.27,,,,,3.795918367346939,10.608763440860216,,,,,,,
2024-07-08,40.49,,,,,3.8026530612244898,10.647829120377825,,,,,,,
2024-07-09,40.08,,,,,3.804897959183674,10.533791031967388,,,,,,,
2024-07-10,40.18,,,,,3.8071428571428574,10.553846153846154,,,,,,,
2024-07-11,41.91,,,,,3.809387755102041,11.001767920282866,,,,,,,
2024-07-12,42.22,,,,,3.811632653061225,11.076618300583604,,,,,,,
2024-07-15,43.12,,,,,3.818367346938776,11.292784607161945,,,,,,,
2024-07-16,44.16,,,,,3.82061224489796,11.558356925377916,,,,,,,
2024-07-17,44.44,,,,,3.822857142857143,11.624813153961137,,,,,,,
2024-07-18,43.64,,,,,3.825102040816327,11.40884596916182,,,,,,,
2024-07-19,43.86,,,,,3.82734693877551,11.4596352778074,,,,,,,
2024-07-22,44.08,,,,,3.834081632653061,11.496886144674509,,,,,,,
2024-07-23,44.54,,,,,3.836326530612245,11.610064900521332,,,,,,,
2024-07-24,45.05,,,,,3.838571428571429,11.73613695571269,,,,,,,
2024-07-25,45.64,,,,,3.840816326530612,11.882890541976622,,,,,,,
2024-07-26,45.95,,,,,3.843061224489796,11.95661409378153,,,,,,,
2024-07-29,46.15,,,,,3.849795918367347,11.98764843087362,,,,,,,
2024-07-30,46.82,,,,,3.8520408163265305,12.154596026490069,,,,,,,
2024-07-31,46.84,,,,,3.8542857142857145,12.1527057079318,,,,,,,
2024-08-01,45.6,,,,,3.856530612244898,11.824099063343388,,,,,,,
2024-08-02,45.05,,,,,3.8587755102040817,11.674687962767084,,,,,,,
2024-08-05,43.01,,,,,3.865510204081633,11.126603664009291,,,,,,,
2024-08-06,43.61,,,,,3.867755102040817,11.275274377374418,,,,,,,
2024-08-07,43.07,2024-08-07,3.87,0.0,actual,3.87,11.129198966408268,,,,,,,
2024-08-08,46.92,,,,,3.871538461538462,12.119213192926685,,,,,,,
2024-08-09,46.87,,,,,3.873076923076923,12.101489572989076,,,,,,,
2024-08-12,46.42,,,,,3.877692307692308,11.971037492561,,,,,,,
2024-08-13,46.75,,,,,3.8792307692307695,12.051358318461231,,,,,,,
2024-08-14,46.75,,,,,3.880769230769231,12.046580773042615,,,,,,,
2024-08-15,47.26,,,,,3.882307692307693,12.173172181493957,,,,,,,
2024-08-16,46.98,,,,,3.8838461538461537,12.096256684491978,,,,,,,
2024-08-19,47.19,,,,,3.8884615384615375,12.135905044510388,,,,,,,
2024-08-20,47.34,,,,,3.89,12.169665809768638,,,,,,,
2024-08-21,46.33,,,,,3.891538461538461,11.90531725637478,,,,,,,
2024-08-22,46.57,,,,,3.893076923076923,11.962260422841336,,,,,,,
2024-08-23,47.15,,,,,3.894615384615385,12.106458621370727,,,,,,,
2024-08-26,47.6,,,,,3.899230769230769,12.20753600315644,,,,,,,
2024-08-27,47.69,,,,,3.900769230769231,12.225793729047524,,,,,,,
2024-08-28,47.61,,,,,3.902307692307693,12.200473092844469,,,,,,,
2024-08-29,47.81,,,,,3.9038461538461537,12.24689655172414,,,,,,,
2024-08-30,48.52,,,,,3.905384615384616,12.423872365570215,,,,,,,
2024-09-03,47.89,,,,,3.911538461538461,12.243264503441496,,,,,,,
2024-09-04,47.2,,,,,3.913076923076923,12.062119127186948,,,,,,,
2024-09-05,46.89,,,,,3.914615384615385,11.978188249164864,,,,,,,
2024-09-06,46.67,,,,,3.916153846153846,11.917305048124142,,,,,,,
2024-09-09,45.82,,,,,3.920769230769231,11.686482244457524,,,,,,,
2024-09-10,45.72,,,,,3.922307692307693,11.656403216316924,,,,,,,
2024-09-11,45.42,,,,,3.9238461538461538,11.575377376984903,,,,,,,
2024-09-12,46.02,,,,,3.925384615384616,11.723691945914169,,,,,,,
2024-09-13,46.93,,,,,3.9269230769230767,11.95083251714006,,,,,,,
2024-09-16,47.47,,,,,3.931538461538461,12.07415378595187,,,,,,,
2024-09-17,48.31,,,,,3.933076923076923,12.283004107177783,,,,,,,
2024-09-18,47.85,,,,,3.934615384615384,12.161290322580648,,,,,,,
2024-09-19,48.42,,,,,3.936153846153846,12.301348446355286,,,,,,,
2024-09-20,47.6,,,,,3.937692307692308,12.08829849579996,,,,,,,
2024-09-23,47.03,,,,,3.942307692307692,11.929560975609755,,,,,,,
2024-09-24,47.21,,,,,3.943846153846154,11.97054807879852,,,,,,,
2024-09-25,46.62,,,,,3.945384615384616,11.816338467537529,,,,,,,
2024-09-26,48.05,,,,,3.9469230769230768,12.174040148119277,,,,,,,
2024-09-27,48.09,,,,,3.9484615384615385,12.179427235534776,,,,,,,
2024-09-30,48.65,,,,,3.953076923076923,12.30686904066939,,,,,,,
2024-10-01,48.34,,,,,3.954615384615384,12.223691888737603,,,,,,,
2024-10-02,47.55,,,,,3.956153846153846,12.01924946529263,,,,,,,
2024-10-03,47.33,,,,,3.9576923076923074,11.958989310009718,,,,,,,
2024-10-04,48.26,,,,,3.959230769230769,12.189236448416551,,,,,,,
2024-10-07,48.15,,,,,3.963846153846154,12.14729283912284,,,,,,,
2024-10-08,48.6,,,,,3.965384615384615,12.256062075654706,,,,,,,
2024-10-09,48.71,,,,,3.9669230769230768,12.27903820050417,,,,,,,
2024-10-10,47.67,,,,,3.9684615384615385,12.012211668928089,,,,,,,
2024-10-11,48.35,,,,,3.97,12.178841309823678,,,,,,,
2024-10-14,48.58,,,,,3.974615384615384,12.222566286046064,,,,,,,
2024-10-15,49.11,,,,,3.976153846153846,12.351131746952989,,,,,,,
2024-10-16,49.13,,,,,3.9776923076923074,12.351382711274416,,,,,,,
2024-10-17,49.07,,,,,3.979230769230769,12.33152909336942,,,,,,,
2024-10-18,48.73,,,,,3.980769230769231,12.24135265700483,,,,,,,
2024-10-21,48.18,,,,,3.985384615384615,12.089171974522294,,,,,,,
2024-10-22,48.25,,,,,3.986923076923077,12.10206444144318,,,,,,,
2024-10-23,47.75,,,,,3.9884615384615385,11.972034715525554,,,,,,,
2024-10-24,48.12,,,,,3.99,12.060150375939848,,,,,,,
2024-10-25,47.15,,,,,3.9915384615384615,11.812487955290036,,,,,,,
2024-10-28,47.41,,,,,3.996153846153846,11.863907603464869,,,,,,,
2024-10-29,47.62,,,,,3.997692307692307,11.911872233981144,,,,,,,
2024-10-30,47.29,,,,,3.999230769230769,11.824773994999038,,,,,,,
2024-10-31,46.61,,,,,4.00076923076923,11.65025956546818,,,,,,,
2024-11-01,46.59,,,,,4.002307692307692,11.640784162982897,,,,,,,
2024-11-04,47.66,,,,,4.006923076923076,11.894413515070072,,,,,,,
2024-11-05,48.92,,,,,4.008461538461538,12.20418345806947,,,,,,,
2024-11-06,51.09,2024-11-06,4.01,0.0,actual,4.01,12.74064837905237,,,,,,,
2024-11-07,55.93,,,,,4.018021978021978,13.919784487474018,,,,,,,
2024-11-08,55.575,,,,,4.026043956043956,13.803873133717282,,,,,,,
2024-11-11,56.23,,,,,4.05010989010989,13.883573909268504,,,,,,,
2024-11-12,55.93,,,,,4.058131868131868,13.782203688158358,,,,,,,
2024-11-13,55.29,,,,,4.066153846153846,13.59761634506243,,,,,,,
2024-11-14,54.48,,,,,4.074175824175824,13.372029669588672,,,,,,,
2024-11-15,54.48,,,,,4.082197802197802,13.34575212662862,,,,,,,
2024-11-18,53.92,,,,,4.106263736263736,13.131158508844702,,,,,,,
2024-11-19,54.22,,,,,4.114285714285714,13.178472222222224,,,,,,,
2024-11-20,54.48,,,,,4.122307692307692,13.215898488523978,,,,,,,
2024-11-21,55.2,,,,,4.130329670329671,13.36455063055393,,,,,,,
2024-11-22,55.51,,,,,4.138351648351648,13.413553201094029,,,,,,,
2024-11-25,55.215,,,,,4.162417582417582,13.265127514652306,,,,,,,
2024-11-26,54.82,,,,,4.1704395604395605,13.144897367658295,,,,,,,
2024-11-27,54.59,,,,,4.178461538461538,13.064617083946985,,,,,,,
2024-11-29,54.81,,,,,4.194505494505495,13.067094576892847,,,,,,,
2024-12-02,55.71,,,,,4.218571428571429,13.205892312902131,,,,,,,
2024-12-03,54.72,,,,,4.226593406593406,12.94659664084031,,,,,,,
2024-12-04,54.95,,,,,4.234615384615385,12.9763851044505,,,,,,,
2024-12-05,54.82,,,,,4.242637362637362,12.921208039784505,,,,,,,
2024-12-06,54.26,,,,,4.2506593406593405,12.76507846229415,,,,,,,
2024-12-09,53.69,,,,,4.274725274725275,12.559871465295627,,,,,,,
2024-12-10,53.71,,,,,4.282747252747253,12.541015574885176,,,,,,,
2024-12-11,54.52,,,,,4.2907692307692304,12.706346360702762,,,,,,,
2024-12-12,54.58,,,,,4.298791208791209,12.696592448682226,,,,,,,
2024-12-13,53.76,,,,,4.306813186813187,12.482547458665032,,,,,,,
2024-12-16,54.04,,,,,4.330879120879121,12.477836137119075,,,,,,,
2024-12-17,53.57,,,,,4.338901098901099,12.346444129267551,,,,,,,
2024-12-18,50.89,,,,,4.346923076923077,11.70713148115378,,,,,,,
2024-12-19,51.45,,,,,4.354945054945055,11.81415594246783,,,,,,,
2024-12-20,51.22,,,,,4.362967032967033,11.73971740170768,,,,,,,
2024-12-23,51.05,,,,,4.387032967032967,11.636566304293371,,,,,,,
2024-12-24,51.67,,,,,4.395054945054945,11.756394549318664,,,,,,,
2024-12-26,51.84,,,,,4.411098901098901,11.75217358810194,,,,,,,
2024-12-27,51.23,,,,,4.419120879120879,11.592803501268216,,,,,,,
2024-12-30,50.82,,,,,4.443186813186813,11.437736502361933,,,,,,,
2024-12-31,51.11,,,,,4.451208791208791,11.482274230978126,,,,,,,
2025-01-02,50.56,,,,,4.467252747252747,11.317917937616846,,,,,,,
2025-01-03,51.35,,,,,4.475274725274725,11.474155923879682,,,,,,,
2025-01-06,51.24,,,,,4.49934065934066,11.388335287221569,,,,,,,
2025-01-07,50.4,,,,,4.507362637362638,11.181705146646513,,,,,,,
2025-01-08,50.5,,,,,4.515384615384615,11.183986371379898,11.876728689416453,12.79260700389105,15.392727920042372,53.627998005288134,57.76354085603112,69.50408683896056,-0.1257461150820835
2025-01-10,49.81,,,,,4.531428571428571,10.992118537200506,11.876728689416453,12.79260700389105,15.392727920042372,53.818547718327125,57.96878488048915,69.75104708910628,-0.1407444523342975
2025-01-13,50.79,,,,,4.555494505494505,11.149173802918828,11.876728689416453,12.79260700389105,15.392727920042372,54.10437228788561,58.276650917176205,70.12148746432489,-0.12846741875775197
2025-01-14,51.07,,,,,4.563516483516484,11.190931419764976,11.876728689416453,12.79260700389105,15.392727920042372,54.199647144405105,58.379272929405225,70.24496758939776,-0.12520321961261693
2025-01-15,51.55,,,,,4.571538461538462,11.276291435302037,11.876728689416453,12.79260700389105,15.392727920042372,54.29492200092461,58.481894941634245,70.36844771447063,-0.11853061445003409
2025-01-16,52.08,,,,,4.57956043956044,11.372270480395448,11.876728689416453,12.79260700389105,15.392727920042372,54.3901968574441,58.584516953863265,70.49192783954351,-0.11102791816113687
2025-01-17,52.85,,,,,4.587582417582418,11.520228998490907,11.876728689416453,12.79260700389105,15.392727920042372,54.48547171396359,58.68713896609227,70.61540796461637,-0.09946197870481978
2025-01-21,54.04,,,,,4.619670329670329,11.697804419705513,11.876728689416453,12.79260700389105,15.392727920042372,54.866571140041565,59.09762701500833,71.10932846490783,-0.08558088150855707
2025-01-22,54.06,,,,,4.627692307692308,11.68184840425532,11.876728689416453,12.79260700389105,15.392727920042372,54.96184599656106,59.20024902723735,71.2328085899807,-0.08682816561924218
2025-01-23,54.98,,,,,4.635714285714286,11.860092449922956,11.876728689416453,12.79260700389105,15.392727920042372,55.05712085308056,59.30287103946637,71.35628871505358,-0.07289480194963036
2025-01-24,54.57,,,,,4.643736263736264,11.751313360783758,11.876728689416453,12.79260700389105,15.392727920042372,55.15239570960005,59.40549305169538,71.47976884012643,-0.0813980795932032
2025-01-27,55.69,,,,,4.667802197802198,11.930668361701626,11.876728689416453,12.79260700389105,15.392727920042372,55.438220279158536,59.71335908838243,71.85020921534503,-0.06737787238576572
2025-01-28,56.44,,,,,4.675824175824176,12.07059929494712,11.876728689416453,12.79260700389105,15.392727920042372,55.53349513567803,59.81598110061145,71.9736893404179,-0.05643945043604651
2025-01-29,58.29,,,,,4.683846153846154,12.44490064049926,11.876728689416453,12.79260700389105,15.392727920042372,55.62876999219753,59.91860311284047,72.09716946549078,-0.02718025835437852
2025-01-30,58.04,,,,,4.691868131868132,12.370339141839985,11.876728689416453,12.79260700389105,15.392727920042372,55.72404484871702,60.02122512506948,72.22064959056364,-0.033008741839925665
2025-01-31,58.79,,,,,4.69989010989011,12.508803105052724,11.876728689416453,12.79260700389105,15.392727920042372,55.819319705236516,60.1238471372985,72.34412971563651,-0.0221849931567508
2025-02-03,59.01,,,,,4.723956043956044,12.491648832232247,11.876728689416453,12.79260700389105,15.392727920042372,56.105144274795,60.43171317398555,72.71457009085512,-0.023525945225024106
2025-02-04,59.98,,,,,4.731978021978022,12.675460393395417,11.876728689416453,12.79260700389105,15.392727920042372,56.20041913131449,60.534335186214555,72.83805021592798,-0.00915736803764877
2025-02-05,61.66,2025-02-05,4.74,0.0,actual,4.74,13.0084388185654,11.876728689416453,12.79260700389105,15.392727920042372,56.295693987833985,60.636957198443575,72.96153034100085,0.016871605186394162
2025-02-06,65.06,,,,,4.741428571428572,13.72160289243748,11.876728689416453,12.79260700389105,15.392727920042372,56.31266074310459,60.65523235130628,72.98351995231519,0.07261974734812567
2025-02-07,64.39,,,,,4.742857142857143,13.576204819277107,11.876728689416453,12.79260700389105,15.392727920042372,56.329627498375174,60.67350750416898,73.00550956362953,0.06125395825477294
2025-02-10,63.49,,,,,4.747142857142857,13.374360517604574,11.876728689416453,12.79260700389105,15.392727920042372,56.380527764186965,60.72833296275709,73.07147839757258,0.04547575904868927
2025-02-11,63.1,,,,,4.748571428571429,13.288206979542718,11.876728689416453,12.79260700389105,15.392727920042372,56.39749451945756,60.74660811561979,73.09346800888693,0.03874112411183465
2025-02-12,62.32,,,,,4.75,13.12,11.876728689416453,12.79260700389105,15.392727920042372,56.414461274728154,60.764883268482485,73.11545762020127,0.02559235940018867
2025-02-13,63.58,,,,,4.751428571428572,13.381238725195429,11.876728689416453,12.79260700389105,15.392727920042372,56.43142802999875,60.78315842134519,73.13744723151562,0.04601342956328905
2025-02-14,64.15,,,,,4.752857142857143,13.497144574691916,11.876728689416453,12.79260700389105,15.392727920042372,56.448394785269336,60.801433574207884,73.15943684282996,0.055073807128333756
2025-02-18,63.33,,,,,4.758571428571429,13.308616031221854,11.876728689416453,12.79260700389105,15.392727920042372,56.51626180635172,60.874534185658696,73.24739528808735,0.04033650272957292
2025-02-19,63.8,,,,,4.76,13.403361344537815,11.876728689416453,12.79260700389105,15.392727920042372,56.533228561622316,60.892809338521396,73.26938489940169,0.04774275802117548
2025-02-20,64.29,,,,,4.761428571428572,13.502250225022504,11.876728689416453,12.79260700389105,15.392727920042372,56.55019531689291,60.9110844913841,73.29137451071604,0.055472916577176574
2025-02-21,64.01,,,,,4.762857142857143,13.439412117576484,11.876728689416453,12.79260700389105,15.392727920042372,56.56716207216351,60.92935964424681,73.31336412203039,0.05056085233359387
2025-02-24,66.14,,,,,4.767142857142857,13.874138447707525,11.876728689416453,12.79260700389105,15.392727920042372,56.61806233797529,60.9841851028349,73.37933295597342,0.08454347448393515
2025-02-25,66.73,,,,,4.768571428571429,13.993708807669265,11.876728689416453,12.79260700389105,15.392727920042372,56.63502909324588,61.002460255697606,73.40132256728776,0.09389030737932325
2025-02-26,65.55,,,,,4.7700000000000005,13.742138364779873,11.876728689416453,12.79260700389105,15.392727920042372,56.651995848516485,61.02073540856031,73.42331217860212,0.07422500828799082
2025-02-27,64.14,,,,,4.771428571428571,13.44251497005988,11.876728689416453,12.79260700389105,15.392727920042372,56.66896260378707,61.039010561423005,73.44530178991646,0.05080340277561508
2025-02-28,64.3,,,,,4.772857142857143,13.472014366956,11.876728689416453,12.79260700389105,15.392727920042372,56.685929359057674,61.05728571428571,73.46729140123081,0.053109375036558173
2025-03-03,64.32,,,,,4.777142857142858,13.464114832535882,11.876728689416453,12.79260700389105,15.392727920042372,56.73682962486946,61.11211117287382,73.53326023517386,0.05249186725118539
2025-03-04,63.93,,,,,4.7785714285714285,13.37847533632287,11.876728689416453,12.79260700389105,15.392727920042372,56.753796380140045,61.13038632573652,73.5552498464882,0.04579741504242412
2025-03-05,64.06,,,,,4.78,13.401673640167363,11.876728689416453,12.79260700389105,15.392727920042372,56.77076313541065,61.14866147859922,73.57723945780255,0.047610829918487876
2025-03-06,63.04,,,,,4.781428571428572,13.184344188825811,11.876728689416453,12.79260700389105,15.392727920042372,56.78772989068125,61.16693663146192,73.59922906911689,0.030622154250154892
2025-03-07,64.11,,,,,4.782857142857143,13.404121863799284,11.876728689416453,12.79260700389105,15.392727920042372,56.804696645951836,61.18521178432462,73.62121868043123,0.04780220792542382
2025-03-10,62.04,,,,,4.787142857142857,12.95971351835273,11.876728689416453,12.79260700389105,15.392727920042372,56.85559691176362,61.24003724291273,73.68718751437427,0.013062741191912829
2025-03-11,60.7,,,,,4.788571428571429,12.676014319809068,11.876728689416453,12.79260700389105,15.392727920042372,56.87256366703422,61.258312395775434,73.70917712568863,-0.009114067527167693
2025-03-12,60.79,,,,,4.79,12.691022964509392,11.876728689416453,12.79260700389105,15.392727920042372,56.88953042230481,61.276587548638126,73.73116673700297,-0.007940839529484234
2025-03-13,59.49,,,,,4.791428571428572,12.41592128801431,11.876728689416453,12.79260700389105,15.392727920042372,56.90649717757541,61.29486270150083,73.75315634831732,-0.029445578666034564
2025-03-14,60.67,,,,,4.792857142857143,12.658420268256334,11.876728689416453,12.79260700389105,15.392727920042372,56.923463932846,61.313137854363525,73.77514595963166,-0.01048939716462012
2025-03-17,61.15,,,,,4.797142857142857,12.747170935080405,11.876728689416453,12.79260700389105,15.392727920042372,56.97436419865778,61.36796331295164,73.84111479357469,-0.003551744284556337
2025-03-18,60.81,,,,,4.798571428571429,12.672521583804704,11.876728689416453,12.79260700389105,15.392727920042372,56.99133095392838,61.386238465814344,73.86310440488904,-0.009387095222249947
2025-03-19,60.16,,,,,4.8,12.533333333333331,11.876728689416453,12.79260700389105,15.392727920042372,57.00829770919897,61.404513618677036,73.88509401620338,-0.02026746154860029
2025-03-20,60.29,,,,,4.801428571428572,12.556679559654864,11.876728689416453,12.79260700389105,15.392727920042372,57.02526446446957,61.42278877153974,73.90708362751774,-0.018442483550415112
2025-03-21,59.81,,,,,4.802857142857143,12.453004164187982,11.876728689416453,12.79260700389105,15.392727920042372,57.04223121974017,61.44106392440245,73.92907323883209,-0.026546804697414102
2025-03-24,61.14,,,,,4.807142857142857,12.718573551263002,11.876728689416453,12.79260700389105,15.392727920042372,57.09313148555194,61.49588938299054,73.9950420727751,-0.005787206048425366
2025-03-25,60.74,,,,,4.808571428571429,12.631610219845514,11.876728689416453,12.79260700389105,15.392727920042372,57.110098240822545,61.51416453585325,74.01703168408946,-0.012585142652827983
2025-03-26,61.66,,,,,4.8100000000000005,12.819126819126817,11.876728689416453,12.79260700389105,15.392727920042372,57.12706499609315,61.532439688715954,74.03902129540381,0.002073057917569216
2025-03-27,60.85,,,,,4.811428571428571,12.646971496437056,11.876728689416453,12.79260700389105,15.392727920042372,57.144031751363734,61.550714841578646,74.06101090671815,-0.011384349367544611
2025-03-28,59.53,,,,,4.812857142857143,12.368952211338677,11.876728689416453,12.79260700389105,15.392727920042372,57.16099850663433,61.56898999444135,74.0830005180325,-0.033117158404343455
2025-03-31,60.47,,,,,4.817142857142858,12.553084223013046,11.876728689416453,12.79260700389105,15.392727920042372,57.21189877244612,61.623815453029465,74.14896935197555,-0.01872353155264981
2025-04-01,60.66,,,,,4.8185714285714285,12.588793359027571,11.876728689416453,12.79260700389105,15.392727920042372,57.22886552771671,61.64209060589216,74.17095896328989,-0.015932143057430407
2025-04-02,61.15,,,,,4.82,12.686721991701244,11.876728689416453,12.79260700389105,15.392727920042372,57.24583228298731,61.660365758754864,74.19294857460423,-0.008277047216224158
2025-04-03,59.05,,,,,4.821428571428571,12.247407407407408,11.876728689416453,12.79260700389105,15.392727920042372,57.262799038257896,61.678640911617556,74.21493818591857,-0.04261833387970192
2025-04-04,57.36,,,,,4.822857142857143,11.893364928909952,11.876728689416453,12.79260700389105,15.392727920042372,57.27976579352849,61.69691606448026,74.23692779723292,-0.07029388729815433
2025-04-07,57.87,,,,,4.827142857142857,11.988458123705238,11.876728689416453,12.79260700389105,15.392727920042372,57.33066605934028,61.75174152306837,74.30289663117597,-0.06286043805935874
2025-04-08,56.51,,,,,4.828571428571428,11.703254437869823,11.876728689416453,12.79260700389105,15.392727920042372,57.34763281461087,61.77001667593107,74.32488624249031,-0.0851548527747226
2025-04-09,60.23,,,,,4.83,12.469979296066253,11.876728689416453,12.79260700389105,15.392727920042372,57.36459956988147,61.78829182879377,74.34687585380466,-0.025219856103346677
2025-04-10,58.38,,,,,4.831428571428572,12.083382613837966,11.876728689416453,12.79260700389105,15.392727920042372,57.381566325152065,61.806566981656474,74.36886546511901,-0.05544017648923033
2025-04-11,58.1,,,,,4.832857142857143,12.021874076263671,11.876728689416453,12.79260700389105,15.392727920042372,57.39853308042265,61.82484213451917,74.39085507643334,-0.06024830805737634
2025-04-14,59.535,,,,,4.837142857142857,12.30788541051388,11.876728689416453,12.79260700389105,15.392727920042372,57.44943334623444,61.87966759310728,74.45682391037639,-0.03789075934481025
2025-04-15,59.72,,,,,4.838571428571429,12.342485975789783,11.876728689416453,12.79260700389105,15.392727920042372,57.466400101505045,61.897942745969985,74.47881352169074,-0.03518602798978786
2025-04-16,59.8,,,,,4.84,12.355371900826446,11.876728689416453,12.79260700389105,15.392727920042372,57.48336685677563,61.91621789883268,74.50080313300508,-0.03417873330522951
2025-04-17,60.44,,,,,4.841428571428572,12.483918560047211,11.876728689416453,12.79260700389105,15.392727920042372,57.50033361204623,61.934493051695384,74.52279274431943,-0.024130221756202396
2025-04-21,59.07,,,,,4.847142857142857,12.186560565870913,11.876728689416453,12.79260700389105,15.392727920042372,57.568200633128605,62.00759366314619,74.6107511895768,-0.04737474056975264
2025-04-22,58.25,,,,,4.848571428571429,12.013847967000588,11.876728689416453,12.79260700389105,15.392727920042372,57.585167388399206,62.02586881600889,74.63274080089116,-0.06087571021712695
2025-04-23,59.09,,,,,4.8500000000000005,12.183505154639176,11.876728689416453,12.79260700389105,15.392727920042372,57.6021341436698,62.044143968871595,74.65473041220551,-0.04761358252204634
2025-04-24,58.69,,,,,4.851428571428571,12.097467608951709,11.876728689416453,12.79260700389105,15.392727920042372,57.61910089894039,62.062419121734294,74.67672002351985,-0.054339150317672245
2025-04-25,59.1,,,,,4.852857142857143,12.178392699440682,11.876728689416453,12.79260700389105,15.392727920042372,57.63606765421099,62.080694274597,74.6987096348342,-0.048013223908429756
2025-04-28,59.38,,,,,4.857142857142858,12.225294117647058,11.876728689416453,12.79260700389105,15.392727920042372,57.686967920022774,62.135519733185106,74.76467846877725,-0.04434693304276725
2025-04-29,60.47,,,,,4.8585714285714285,12.446045280799764,11.876728689416453,12.79260700389105,15.392727920042372,57.70393467529337,62.1537948860478,74.78666808009159,-0.027090781651142197
2025-04-30,60.13,,,,,4.86,12.372427983539094,11.876728689416453,12.79260700389105,15.392727920042372,57.72090143056396,62.172070038910505,74.80865769140593,-0.03284545677234921
2025-05-01,60.01,,,,,4.861428571428571,12.34410813987658,11.876728689416453,12.79260700389105,15.392727920042372,57.73786818583455,62.1903451917732,74.83064730272027,-0.03505922318086159
2025-05-02,60.05,,,,,4.862857142857143,12.348707403055228,11.876728689416453,12.79260700389105,15.392727920042372,57.75483494110515,62.208620344635904,74.85263691403462,-0.034699698091311855
2025-05-05,60.65,,,,,4.867142857142857,12.46110948048136,11.876728689416453,12.79260700389105,15.392727920042372,57.805735206916935,62.26344580322401,74.91860574797767,-0.02591321091227601
2025-05-06,60.44,,,,,4.868571428571428,12.414319248826292,11.876728689416453,12.79260700389105,15.392727920042372,57.82270196218753,62.28172095608671,74.940595359292,-0.029570810308617874
2025-05-07,61.2,2025-05-07,4.87,0.0,actual,4.87,12.566735112936346,11.876728689416453,12.79260700389105,15.392727920042372,57.839668717458125,62.299996108949415,74.96258497060636,-0.01765643944865989
2025-05-08,65.21,,,,,4.871538461538462,13.385915048160427,11.876728689416453,12.79260700389105,15.392727920042372,57.85794060774954,62.31967704280156,74.98626609048334,0.0463789784278462
2025-05-09,64.81,,,,,4.873076923076924,13.29960536700868,11.876728689416453,12.79260700389105,15.392727920042372,57.876212498040964,62.33935797665371,75.00994721036035,0.03963213776233559
2025-05-12,66.01,,,,,4.877692307692308,13.533038952846557,11.876728689416453,12.79260700389105,15.392727920042372,57.93102816891518,62.39840077821011,75.0809905699913,0.05787967602931078
2025-05-13,65.45,,,,,4.8792307692307695,13.413999684691786,11.876728689416453,12.79260700389105,15.392727920042372,57.949300059206585,62.41808171206225,75.10467168986828,0.04857435865978933
2025-05-14,65.0,,,,,4.880769230769231,13.317572892040976,11.876728689416453,12.79260700389105,15.392727920042372,57.967571949498,62.4377626459144,75.12835280974528,0.04103666187746179
2025-05-15,65.36,,,,,4.882307692307692,13.387112021427448,11.876728689416453,12.79260700389105,15.392727920042372,57.9858438397894,62.457443579766526,75.15203392962225,0.046472546006890596
2025-05-16,65.63,,,,,4.883846153846154,13.438179240825326,11.876728689416453,12.79260700389105,15.392727920042372,58.00411573008081,62.47712451361867,75.17571504949925,0.050464478173832525
2025-05-19,64.73,,,,,4.888461538461539,13.241384736428008,11.876728689416453,12.79260700389105,15.392727920042372,58.058931400955046,62.5361673151751,75.24675840913022,0.035081022374912105
2025-05-20,64.85,,,,,4.89,13.261758691206545,11.876728689416453,12.79260700389105,15.392727920042372,58.07720329124645,62.55584824902723,75.27043952900719,0.03667365746268881
2025-05-21,63.96,,,,,4.891538461538461,13.075640824028936,11.876728689416453,12.79260700389105,15.392727920042372,58.095475181537864,62.57552918287937,75.29412064888419,0.022124795989730432
2025-05-22,63.59,,,,,4.893076923076923,12.995912592359693,11.876728689416453,12.79260700389105,15.392727920042372,58.11374707182927,62.595210116731515,75.31780176876117,0.015892428213170644
2025-05-23,63.495,,,,,4.894615384615385,12.972418670438472,11.876728689416453,12.79260700389105,15.392727920042372,58.13201896212069,62.61489105058366,75.34148288863817,0.014055904827900126
2025-05-27,66.3,,,,,4.900769230769231,13.528488463349552,11.876728689416453,12.79260700389105,15.392727920042372,58.205106523286325,62.69361478599221,75.43620736814611,0.057523963585739364
2025-05-28,65.8,,,,,4.9023076923076925,13.422250117683978,11.876728689416453,12.79260700389105,15.392727920042372,58.223378413577734,62.71329571984435,75.45988848802311,0.049219296238946005
2025-05-29,65.58,,,,,4.903846153846154,13.373176470588234,11.876728689416453,12.79260700389105,15.392727920042372,58.24165030386915,62.7329766536965,75.4835696079001,0.045383201916591065
2025-05-30,66.06,,,,,4.905384615384615,13.466833934451936,11.876728689416453,12.79260700389105,15.392727920042372,58.25992219416055,62.752657587548626,75.50725072777708,0.05270441985404645
2025-06-02,66.33,,,,,4.91,13.5091649694501,11.876728689416453,12.79260700389105,15.392727920042372,58.314737865034786,62.811700389105056,75.57829408740805,0.05601344318176118
2025-06-03,63.41,,,,,4.911538461538462,12.91041503523884,11.876728689416453,12.79260700389105,15.392727920042372,58.333009755326195,62.8313813229572,75.60197520728504,0.009209071404441382
2025-06-04,63.13,,,,,4.913076923076923,12.849381556286207,11.876728689416453,12.79260700389105,15.392727920042372,58.3512816456176,62.85106225680933,75.62565632716202,0.00443807523969818
2025-06-05,63.1,,,,,4.914615384615384,12.839254969478793,11.876728689416453,12.79260700389105,15.392727920042372,58.36955353590901,62.87074319066147,75.649337447039,0.0036464784366121925
2025-06-06,64.28,,,,,4.916153846153846,13.07526208731028,11.876728689416453,12.79260700389105,15.392727920042372,58.38782542620042,62.890424124513615,75.673018566916,0.022095190083870866
2025-06-09,64.6,,,,,4.92076923076923,13.128028763482885,11.876728689416453,12.79260700389105,15.392727920042372,58.44264109707465,62.94946692607003,75.74406192654696,0.02621996904069744
2025-06-10,64.72,,,,,4.922307692307692,13.148304422566026,11.876728689416453,12.79260700389105,15.392727920042372,58.46091298736606,62.969147859922174,75.76774304642394,0.027804920339285482
2025-06-11,64.61,,,,,4.923846153846154,13.121855960006249,11.876728689416453,12.79260700389105,15.392727920042372,58.479184877657474,62.98882879377431,75.79142416630094,0.025737440071054673
2025-06-12,65.06,,,,,4.925384615384616,13.209120724660313,11.876728689416453,12.79260700389105,15.392727920042372,58.4974567679489,63.00850972762647,75.81510528617794,0.032558939756577775
2025-06-13,63.07,,,,,4.926923076923077,12.801092896174865,11.876728689416453,12.79260700389105,15.392727920042372,58.5157286582403,63.0281906614786,75.83878640605492,0.0006633434671472567
2025-06-16,64.11,,,,,4.931538461538461,13.0,11.876728689416453,12.79260700389105,15.392727920042372,58.57054432911452,63.08723346303501,75.90982976568588,0.0162119414788455
2025-06-17,63.9,,,,,4.933076923076923,12.95337595509122,11.876728689416453,12.79260700389105,15.392727920042372,58.588816219405935,63.106914396887156,75.93351088556287,0.012567332925280261
2025-06-18,63.39,,,,,4.934615384615385,12.845985970381918,11.876728689416453,12.79260700389105,15.392727920042372,58.607088109697344,63.1265953307393,75.95719200543986,0.004172641782447554
2025-06-20,62.29,,,,,4.937692307692307,12.615204860570184,11.876728689416453,12.79260700389105,15.392727920042372,58.643631890280155,63.16595719844357,76.00455424519383,-0.013867552037431266
2025-06-23,63.225,,,,,4.9423076923076925,12.79260700389105,11.876728689416453,12.79260700389105,15.392727920042372,58.698447561154396,63.224999999999994,76.07559760482481,1.1238319268645317e-16
2025-06-24,64.16,,,,,4.943846153846154,12.97775011669519,11.876728689416453,12.79260700389105,15.392727920042372,58.716719451445805,63.24468093385214,76.09927872470179,0.014472664778010262
2025-06-25,63.73,,,,,4.945384615384615,12.88676310468191,11.876728689416453,12.79260700389105,15.392727920042372,58.73499134173721,63.264361867704274,76.12295984457877,0.007360196460519835
2025-06-26,63.63,,,,,4.946923076923077,12.862540817913231,11.876728689416453,12.79260700389105,15.392727920042372,58.75326323202862,63.28404280155641,76.14664096445576,0.005466736686346531
2025-06-27,64.38,,,,,4.9484615384615385,13.010104150474117,11.876728689416453,12.79260700389105,15.392727920042372,58.77153512232003,63.30372373540855,76.17032208433275,0.017001784430406792
2025-06-30,65.31,,,,,4.953076923076923,13.18574312781488,11.876728689416453,12.79260700389105,15.392727920042372,58.82635079319426,63.36276653696497,76.24136544396372,0.030731509519854122
2025-07-01,65.95,,,,,4.954615384615384,13.310821301040212,11.876728689416453,12.79260700389105,15.392727920042372,58.84462268348567,63.38244747081711,76.2650465638407,0.04050888900061893
2025-07-02,65.76,,,,,4.956153846153846,13.268353251590876,11.876728689416453,12.79260700389105,15.392727920042372,58.86289457377708,63.402128404669256,76.2887276837177,0.037189155232793474
2025-07-03,66.04,,,,,4.957692307692308,13.320713731574864,11.876728689416453,12.79260700389105,15.392727920042372,58.88116646406849,63.4218093385214,76.31240880359468,0.04128218177289306
2025-07-07,65.6,,,,,4.963846153846154,13.2155586548892,11.876728689416453,12.79260700389105,15.392727920042372,58.95425402523413,63.50053307392996,76.40713328310264,0.03306219372403929
2025-07-08,64.18,,,,,4.965384615384616,12.92548412083656,11.876728689416453,12.79260700389105,15.392727920042372,58.97252591552555,63.52021400778211,76.43081440297964,0.010387024076100647
2025-07-09,64.22,,,,,4.966923076923077,12.92953383924423,11.876728689416453,12.79260700389105,15.392727920042372,58.99079780581695,63.53989494163424,76.45449552285662,0.01070359116883156
2025-07-10,63.765,,,,,4.968461538461538,12.83395262424524,11.876728689416453,12.79260700389105,15.392727920042372,59.009069696108355,63.559575875486374,76.47817664273359,0.00323199331782915
2025-07-11,61.85,,,,,4.97,12.444668008048293,11.876728689416453,12.79260700389105,15.392727920042372,59.027341586399764,63.57925680933851,76.50185776261058,-0.027198443267813028
2025-07-14,62.59,,,,,4.974615384615385,12.581877222823566,11.876728689416453,12.79260700389105,15.392727920042372,59.082157257274005,63.63829961089494,76.57290112224156,-0.016472778457384592
2025-07-15,61.29,,,,,4.976153846153846,12.316741381975577,11.876728689416453,12.79260700389105,15.392727920042372,59.10042914756541,63.65798054474707,76.59658224211853,-0.0371984867330585
2025-07-16,62.68,,,,,4.977692307692307,12.592180497604698,11.876728689416453,12.79260700389105,15.392727920042372,59.118701037856816,63.67766147859921,76.62026336199553,-0.01566736992900574
2025-07-17,62.6,,,,,4.979230769230769,12.572223080488182,11.876728689416453,12.79260700389105,15.392727920042372,59.136972928148225,63.697342412451356,76.64394448187251,-0.017227444205534848
2025-07-18,61.78,,,,,4.980769230769231,12.403706563706564,11.876728689416453,12.79260700389105,15.392727920042372,59.15524481843964,63.7170233463035,76.6676256017495,-0.030400405489373398
2025-07-21,62.11,,,,,4.985384615384615,12.45841691097053,11.876728689416453,12.79260700389105,15.392727920042372,59.21006048931387,63.776066147859915,76.73866896138047,-0.026123689473058258
2025-07-22,62.33,,,,,4.986923076923077,12.498688878605584,11.876728689416453,12.79260700389105,15.392727920042372,59.22833237960528,63.79574708171206,76.76235008125745,-0.022975623748628167
2025-07-23,63.73,,,,,4.9884615384615385,12.775481881264456,11.876728689416453,12.79260700389105,15.392727920042372,59.24660426989669,63.815428015564194,76.78603120113445,-0.001338673393264117
2025-07-24,63.32,,,,,4.99,12.68937875751503,11.876728689416453,12.79260700389105,15.392727920042372,59.2648761601881,63.83510894941634,76.80971232101145,-0.008069367435787027
2025-07-25,62.1,,,,,4.991538461538461,12.44105409153953,11.876728689416453,12.79260700389105,15.392727920042372,59.283148050479504,63.854789883268474,76.83339344088841,-0.02748094366102159
2025-07-28,61.83,,,,,4.996153846153846,12.375519630484987,11.876728689416453,12.79260700389105,15.392727920042372,59.33796372135374,63.9138326848249,76.90443680051939,-0.03260378226886813
2025-07-29,62.27,,,,,4.997692307692308,12.459750654148069,11.876728689416453,12.79260700389105,15.392727920042372,59.356235611645154,63.93351361867704,76.92811792039637,-0.026019430569682797
2025-07-30,62.4,,,,,4.999230769230769,12.481920295430069,11.876728689416453,12.79260700389105,15.392727920042372,59.374507501936556,63.95319455252917,76.95179904027336,-0.024286426399754348
2025-07-31,62.46,,,,,5.00076923076923,12.490078449469314,11.876728689416453,12.79260700389105,15.392727920042372,59.392779392227965,63.97287548638131,76.97548016015035,-0.02364870228013083
2025-08-01,60.77,,,,,5.002307692307692,12.148393049361834,11.876728689416453,12.79260700389105,15.392727920042372,59.411051282519374,63.992556420233456,76.99916128002734,-0.05035830103537683
2025-08-04,61.59,,,,,5.006923076923076,12.300967890613,11.876728689416453,12.79260700389105,15.392727920042372,59.4658669533936,64.05159922178987,77.0702046396583,-0.0384315029085558
2025-08-05,61.88,,,,,5.008461538461538,12.355091383812011,11.876728689416453,12.79260700389105,15.392727920042372,59.48413884368502,64.07128015564201,77.09388575953528,-0.034200661362141546
2025-08-06,62.66,2025-08-06,5.01,0.0,actual,5.01,12.506986027944112,11.876728689416453,12.79260700389105,15.392727920042372,59.502410733976426,64.09096108949416,77.11756687941228,-0.022327034345701605
2025-08-07,63.385,,,,,5.0127472527472525,12.64476280252543,11.876728689416453,12.79260700389105,15.392727920042372,59.5350391094968,64.12610561423011,77.15985459347833,-0.011557003300472646
2025-08-08,64.53,,,,,5.015494505494505,12.866129138274797,11.876728689416453,12.79260700389105,15.392727920042372,59.567667485017175,64.16125013896608,77.20214230754438,0.00574723622490597
2025-08-11,62.87,,,,,5.023736263736264,12.514590077872075,11.876728689416453,12.79260700389105,15.392727920042372,59.66555261157831,64.26668371317399,77.32900544974254,-0.021732624627209242
2025-08-12,61.84,,,,,5.026483516483516,12.302835530486874,11.876728689416453,12.79260700389105,15.392727920042372,59.698180987098674,64.30182823790994,77.37129316380859,-0.03828550922069335
2025-08-13,63.68,,,,,5.029230769230769,12.6619761394922,11.876728689416453,12.79260700389105,15.392727920042372,59.73080936261905,64.3369727626459,77.41358087787464,-0.010211434179062569
2025-08-14,62.93,,,,,5.031978021978022,12.506016466117796,11.876728689416453,12.79260700389105,15.392727920042372,59.76343773813942,64.37211728738187,77.45586859194069,-0.02240282513846334
2025-08-15,62.24,,,,,5.034725274725274,12.362144229090276,11.876728689416453,12.79260700389105,15.392727920042372,59.7960661136598,64.40726181211784,77.49815630600673,-0.033649339393435895
2025-08-18,62.35,,,,,5.042967032967033,12.363753241376306,11.876728689416453,12.79260700389105,15.392727920042372,59.89395124022092,64.51269538632573,77.62501944820488,-0.03352356266273972
2025-08-19,62.54,,,,,5.045714285714285,12.394677236693092,11.876728689416453,12.79260700389105,15.392727920042372,59.926579615741296,64.54783991106169,77.66730716227093,-0.031106229330496928
2025-08-20,61.69,,,,,5.048461538461538,12.219564223678196,11.876728689416453,12.79260700389105,15.392727920042372,59.95920799126167,64.58298443579766,77.70959487633698,-0.04479483971004145
2025-08-21,61.66,,,,,5.051208791208791,12.206979071487622,11.876728689416453,12.79260700389105,15.392727920042372,59.991836366782046,64.61812896053362,77.75188259040303,-0.04577862293630235
2025-08-22,63.17,,,,,5.053956043956044,12.499119392924705,11.876728689416453,12.79260700389105,15.392727920042372,60.02446474230242,64.65327348526958,77.79417030446909,-0.022941970380007483
2025-08-25,63.38,,,,,5.062197802197802,12.520253549255418,11.876728689416453,12.79260700389105,15.392727920042372,60.122349868863544,64.75870705947747,77.92103344666724,-0.021289910223365027
2025-08-26,62.97,,,,,5.064945054945055,12.432513939814712,11.876728689416453,12.79260700389105,15.392727920042372,60.15497824438393,64.79385158421346,77.9633211607333,-0.02814852859677546
2025-08-27,64.01,,,,,5.067692307692307,12.63099574984821,11.876728689416453,12.79260700389105,15.392727920042372,60.187606619904294,64.82899610894941,78.00560887479934,-0.012633175864285005
2025-08-28,63.67,,,,,5.07043956043956,12.557096725255198,11.876728689416453,12.79260700389105,15.392727920042372,60.22023499542467,64.86414063368537,78.04789658886538,-0.01840987365313557
2025-08-29,64.16,,,,,5.073186813186813,12.646882987479964,11.876728689416453,12.79260700389105,15.392727920042372,60.25286337094504,64.89928515842134,78.09018430293143,-0.011391268125938814
2025-09-02,64.53,,,,,5.084175824175824,12.692322655946052,11.876728689416453,12.79260700389105,15.392727920042372,60.38337687302654,65.0398632573652,78.25933515919564,-0.007839242455778984
2025-09-03,65.09,,,,,5.086923076923076,12.795554211401786,11.876728689416453,12.79260700389105,15.392727920042372,60.41600524854692,65.07500778210115,78.30162287326169,0.00023038365126364248
2025-09-04,64.62,,,,,5.089670329670329,12.696303653165216,11.876728689416453,12.79260700389105,15.392727920042372,60.44863362406729,65.11015230683712,78.34391058732774,-0.007528047308616838
2025-09-05,64.81,,,,,5.092417582417582,12.726764636067417,11.876728689416453,12.79260700389105,15.392727920042372,60.481261999587666,65.14529683157309,78.38619830139379,-0.0051469077259708685
2025-09-08,65.18,,,,,5.10065934065934,12.77874008962427,11.876728689416453,12.79260700389105,15.392727920042372,60.57914712614879,65.25073040578097,78.51306144359194,-0.0010839787591817858
2025-09-09,65.31,,,,,5.103406593406593,12.797334252061756,11.876728689416453,12.79260700389105,15.392727920042372,60.611775501669165,65.28587493051694,78.55534915765799,0.000369529695492917
2025-09-10,63.17,,,,,5.106153846153846,12.371346791202171,11.876728689416453,12.79260700389105,15.392727920042372,60.64440387718954,65.32101945525291,78.59763687172403,-0.032929973738796706
2025-09-11,65.74,,,,,5.108901098901098,12.86773784173281,11.876728689416453,12.79260700389105,15.392727920042372,60.677032252709914,65.35616397998886,78.6399245857901,0.005872988814469837
2025-09-12,64.67,,,,,5.111648351648351,12.651496259351624,11.876728689416453,12.79260700389105,15.392727920042372,60.70966062823029,65.39130850472483,78.68221229985615,-0.011030647974764312
2025-09-15,64.77,,,,,5.119890109890109,12.650662145049472,11.876728689416453,12.79260700389105,15.392727920042372,60.80754575479141,65.49674207893273,78.8090754420543,-0.011095850814333705
2025-09-16,64.84,,,,,5.122637362637362,12.657542474686805,11.876728689416453,12.79260700389105,15.392727920042372,60.84017413031179,65.5318866036687,78.85136315612034,-0.010558014419044026
2025-09-17,65.725,,,,,5.125384615384615,12.823427885336937,11.876728689416453,12.79260700389105,15.392727920042372,60.87280250583216,65.56703112840465,78.89365087018639,0.002409272905554957
2025-09-18,67.01,,,,,5.128131868131868,13.067136673381048,11.876728689416453,12.79260700389105,15.392727920042372,60.90543088135255,65.60217565314063,78.93593858425245,0.021460025263536714
2025-09-19,66.14,,,,,5.13087912087912,12.890578484076162,11.876728689416453,12.79260700389105,15.392727920042372,60.93805925687292,65.63732017787659,78.97822629831849,0.007658445237574501
2025-09-22,66.21,,,,,5.139120879120879,12.883526493606464,11.876728689416453,12.79260700389105,15.392727920042372,61.03594438343405,65.74275375208448,79.10508944051666,0.007107190089382234
2025-09-23,65.78,,,,,5.141868131868132,12.793015750892266,11.876728689416453,12.79260700389105,15.392727920042372,61.068572758954424,65.77789827682045,79.14737715458271,3.195181412918961e-05
2025-09-24,65.59,,,,,5.144615384615385,12.749252392344498,11.876728689416453,12.79260700389105,15.392727920042372,61.1012011344748,65.81304280155642,79.18966486864876,-0.0033890364593679363
2025-09-25,64.89,,,,,5.1473626373626375,12.606455882666896,11.876728689416453,12.79260700389105,15.392727920042372,61.133829509995174,65.84818732629238,79.23195258271481,-0.014551460946743216
2025-09-26,65.16,,,,,5.15010989010989,12.652157214185122,11.876728689416453,12.79260700389105,15.392727920042372,61.16645788551555,65.88333185102834,79.27424029678086,-0.010978981036719654
2025-09-29,64.78,,,,,5.1583516483516485,12.558275281736648,11.876728689416453,12.79260700389105,15.392727920042372,61.26434301207667,65.98876542523624,79.401103438979,-0.018317745716969664
2025-09-30,64.38,,,,,5.161098901098901,12.474087637865688,11.876728689416453,12.79260700389105,15.392727920042372,61.29697138759705,66.02390994997221,79.44339115304506,-0.02489870641132643
2025-10-01,65.3,,,,,5.163846153846154,12.645612989721435,11.876728689416453,12.79260700389105,15.392727920042372,61.32959976311742,66.05905447470816,79.4856788671111,-0.011490544040390134
2025-10-02,64.34,,,,,5.166593406593407,12.453079802620383,11.876728689416453,12.79260700389105,15.392727920042372,61.362228138637796,66.09419899944413,79.52796658117717,-0.02654089202985698
2025-10-03,64.87,,,,,5.1693406593406594,12.548989179651796,11.876728689416453,12.79260700389105,15.392727920042372,61.39485651415817,66.1293435241801,79.57025429524322,-0.019043641703771323
2025-10-06,63.79,,,,,5.177582417582418,12.320421937346124,11.876728689416453,12.79260700389105,15.392727920042372,61.492741640719295,66.234777098388,79.69711743744136,-0.036910777170072115
2025-10-07,63.81,,,,,5.18032967032967,12.317748881016524,11.876728689416453,12.79260700389105,15.392727920042372,61.52537001623967,66.26992162312395,79.73940515150741,-0.03711973038256306
2025-10-08,64.64,,,,,5.183076923076923,12.471356485604035,11.876728689416453,12.79260700389105,15.392727920042372,61.557998391760044,66.30506614785992,79.78169286557346,-0.025112200991502364
2025-10-09,64.65,,,,,5.185824175824176,12.46667796825666,11.876728689416453,12.79260700389105,15.392727920042372,61.59062676728042,66.34021067259589,79.82398057963951,-0.02547792139125783
2025-10-10,62.99,,,,,5.188571428571429,12.140143171806168,11.876728689416453,12.79260700389105,15.392727920042372,61.623255142800794,66.37535519733184,79.86626829370556,-0.05100319519597727
2025-10-13,63.68,,,,,5.196813186813187,12.253663487767229,11.876728689416453,12.79260700389105,15.392727920042372,61.72114026936192,66.48078877153974,79.99313143590372,-0.04212929514366332
2025-10-14,65.1,,,,,5.19956043956044,12.52028911995942,11.876728689416453,12.79260700389105,15.392727920042372,61.75376864488229,66.5159332962757,80.03541914996977,-0.021287129656120906
2025-10-15,64.92,,,,,5.202307692307692,12.47907733254473,11.876728689416453,12.79260700389105,15.392727920042372,61.78639702040267,66.55107782101167,80.07770686403582,-0.024508661233082304
2025-10-16,64.24,,,,,5.205054945054945,12.341848583372036,11.876728689416453,12.79260700389105,15.392727920042372,61.81902539592304,66.58622234574763,80.11999457810187,-0.035235853050274
2025-10-17,64.75,,,,,5.207802197802198,12.43326792006921,11.876728689416453,12.79260700389105,15.392727920042372,61.85165377144342,66.6213668704836,80.16228229216792,-0.02808958984767846
2025-10-20,65.58,,,,,5.216043956043956,12.572746808241687,11.876728689416453,12.79260700389105,15.392727920042372,61.94953889800454,66.72680044469149,80.28914543436606,-0.01718650432882741
2025-10-21,65.95,,,,,5.218791208791209,12.637025962814008,11.876728689416453,12.79260700389105,15.392727920042372,61.982167273524915,66.76194496942745,80.33143314843211,-0.012161793216169193
2025-10-22,66.48,,,,,5.2215384615384615,12.731879787860931,11.876728689416453,12.79260700389105,15.392727920042372,62.01479564904529,66.79708949416342,80.37372086249817,-0.004747055546351586
2025-10-23,66.76,,,,,5.224285714285714,12.7787804211102,11.876728689416453,12.79260700389105,15.392727920042372,62.047424024565665,66.83223401889938,80.41600857656422,-0.001080826040903448
2025-10-24,67.42,,,,,5.227032967032967,12.898330740444855,11.876728689416453,12.79260700389105,15.392727920042372,62.08005240008604,66.86737854363534,80.45829629063027,0.008264440275672542
2025-10-27,67.62,,,,,5.235274725274725,12.91622761906761,11.876728689416453,12.79260700389105,15.392727920042372,62.17793752664716,66.97281211784323,80.58515943282842,0.009663441950414148
2025-10-28,68.75,,,,,5.238021978021978,13.125183569000964,11.876728689416453,12.79260700389105,15.392727920042372,62.21056590216754,67.0079566425792,80.62744714689447,0.025997559763131804
2025-10-29,78.68,,,,,5.240769230769231,15.013063261412007,11.876728689416453,12.79260700389105,15.392727920042372,62.24319427768791,67.04310116731517,80.66973486096052,0.17357339726340182
2025-10-30,78.63,,,,,5.243516483516483,14.995661832509011,11.876728689416453,12.79260700389105,15.392727920042372,62.27582265320829,67.07824569205113,80.71202257502657,0.17221312496724656
2025-10-31,78.27,,,,,5.246263736263736,14.919188957080916,11.876728689416453,12.79260700389105,15.392727920042372,62.30845102872866,67.1133902167871,80.75431028909261,0.16623522887422684
2025-11-03,78.31,,,,,5.254505494505494,14.903400535385646,11.876728689416453,12.79260700389105,15.392727920042372,62.40633615528979,67.21882379099499,80.88117343129078,0.16500104559239326
2025-11-04,78.15,,,,,5.257252747252747,14.865178403461467,11.876728689416453,12.79260700389105,15.392727920042372,62.43896453081017,67.25396831573096,80.92346114535682,0.16201321583161396
2025-11-05,78.3,2025-11-05,5.26,0.0,actual,5.26,14.88593155893536,11.876728689416453,12.79260700389105,15.392727920042372,62.47159290633054,67.28911284046691,80.96574885942287,0.16363549309437858
2025-11-06,78.15,,,,,5.253956043956044,14.874505866850726,11.876728689416453,12.79260700389105,15.392727920042372,62.399810480185714,67.2117948860478,80.87271588847756,0.16274234503775797
2025-11-07,78.3,,,,,5.247912087912088,14.920219448865064,11.876728689416453,12.79260700389105,15.392727920042372,62.32802805404089,67.13447693162867,80.77968291753226,0.16631578257089216
2025-11-10,78.1,,,,,5.22978021978022,14.933705952806202,11.876728689416453,12.79260700389105,15.392727920042372,62.112680775606414,66.90252306837131,80.50058400469632,0.16737002459810638
2025-11-11,78.47,,,,,5.223736263736264,15.021815045439244,11.876728689416453,12.79260700389105,15.392727920042372,62.04089834946159,66.8252051139522,80.407551033751,0.17425752552784204
2025-11-12,78.49,,,,,5.217692307692308,15.043048798466756,11.876728689416453,12.79260700389105,15.392727920042372,61.96911592331677,66.74788715953306,80.3145180628057,0.1759173711731473
2025-11-13,78.49,,,,,5.211648351648352,15.060494243663811,11.876728689416453,12.79260700389105,15.392727920042372,61.89733349717194,66.67056920511395,80.22148509186039,0.17728108422958294
2025-11-14,78.25,,,,,5.205604395604396,15.031876042304363,11.876728689416453,12.79260700389105,15.392727920042372,61.82555107102712,66.59325125069482,80.12845212091507,0.17504399515534325
2025-11-17,78.23,,,,,5.187472527472528,15.080561792992414,11.876728689416453,12.79260700389105,15.392727920042372,61.61020379259266,66.36129738743747,79.84935320807915,0.17884976755757845
2025-11-18,78.24,,,,,5.181428571428572,15.100082712985936,11.876728689416453,12.79260700389105,15.392727920042372,61.53842136644783,66.28397943301835,79.75632023713385,0.18037572078881464
2025-11-19,78.08,,,,,5.175384615384616,15.086801426872768,11.876728689416453,12.79260700389105,15.392727920042372,61.46663894030301,66.20666147859923,79.66328726618853,0.17933752066986083
2025-11-20,77.62,,,,,5.1693406593406594,15.01545460343105,11.876728689416453,12.79260700389105,15.392727920042372,61.39485651415817,66.1293435241801,79.57025429524322,0.17376032882616416
2025-11-21,77.84,,,,,5.163296703296703,15.07563955220704,11.876728689416453,12.79260700389105,15.392727920042372,61.32307408801335,66.05202556976097,79.4772213242979,0.17846499526027618
2025-11-24,77.82,,,,,5.145164835164835,15.124879861600562,11.876728689416453,12.79260700389105,15.392727920042372,61.10772680957887,65.82007170650361,79.19812241146197,0.18231411759933833
2025-11-25,78.22,,,,,5.139120879120879,15.220502074156435,11.876728689416453,12.79260700389105,15.392727920042372,61.03594438343405,65.74275375208448,79.10508944051666,0.18978892023548535
2025-11-26,78.5,,,,,5.133076923076923,15.292971676906935,11.876728689416453,12.79260700389105,15.392727920042372,60.96416195728923,65.66543579766537,79.01205646957135,0.19545387990543034
2025-11-28,78.77,,,,,5.12098901098901,15.381794382094808,11.876728689416453,12.79260700389105,15.392727920042372,60.820597104999564,65.51079988882711,78.82599052768072,0.20239716403515093
2025-12-01,78.27,,,,,5.102857142857142,15.338465845464729,11.876728689416453,12.79260700389105,15.392727920042372,60.60524982656509,65.27884602556975,78.54689161484478,0.19901016585589776
2025-12-02,78.11,,,,,5.096813186813186,15.325262499730494,11.876728689416453,12.79260700389105,15.392727920042372,60.53346740042027,65.20152807115063,78.45385864389947,0.1979780583480053
2025-12-03,77.42,,,,,5.09076923076923,15.20791779993956,11.876728689416453,12.79260700389105,15.392727920042372,60.46168497427544,65.1242101167315,78.36082567295416,0.1888052056405595
2025-12-04,77.27,,,,,5.084725274725274,15.196494564630116,11.876728689416453,12.79260700389105,15.392727920042372,60.38990254813062,65.04689216231239,78.26779270200885,0.18791224963042233
2025-12-05,77.01,,,,,5.078681318681318,15.16338497490047,11.876728689416453,12.79260700389105,15.392727920042372,60.31812012198579,64.96957420789326,78.17475973106353,0.18532406805652013
2025-12-08,76.34,,,,,5.06054945054945,15.085318451282276,11.876728689416453,12.79260700389105,15.392727920042372,60.10277284355132,64.7376203446359,77.89566081822761,0.17922159624647782
2025-12-09,76.46,,,,,5.054505494505494,15.12709800852248,11.876728689416453,12.79260700389105,15.392727920042372,60.0309904174065,64.66030239021677,77.8026278472823,0.18248751047549291
2025-12-10,76.82,,,,,5.048461538461538,15.216516836812431,11.876728689416453,12.79260700389105,15.392727920042372,59.95920799126167,64.58298443579766,77.70959487633698,0.189477393637131
2025-12-11,77.09,,,,,5.042417582417582,15.288301442705835,11.876728689416453,12.79260700389105,15.392727920042372,59.88742556511685,64.50566648137854,77.61656190539168,0.19508880700045633
2025-12-12,77.11,,,,,5.036373626373626,15.31061944971744,11.876728689416453,12.79260700389105,15.392727920042372,59.81564313897202,64.42834852695941,77.52352893444636,0.19683340894162568
2025-12-15,77.01,,,,,5.018241758241758,15.346012350545266,11.876728689416453,12.79260700389105,15.392727920042372,59.60029586053755,64.19639466370205,77.24443002161043,0.19960007728507265
2025-12-16,77.02,,,,,5.012197802197802,15.366512464098571,11.876728689416453,12.79260700389105,15.392727920042372,59.52851343439273,64.11907670928292,77.15139705066512,0.20120257422311458
2025-12-17,76.97,,,,,5.006153846153846,15.375076828518749,11.876728689416453,12.79260700389105,15.392727920042372,59.4567310082479,64.0417587548638,77.05836407971981,0.2018720518688804
2025-12-18,77.02,,,,,5.00010989010989,15.403661457989934,11.876728689416453,12.79260700389105,15.392727920042372,59.38494858210308,63.964440800444684,76.96533110877449,0.2041065166236011
2025-12-19,77.01,,,,,4.994065934065934,15.42030101659112,11.876728689416453,12.79260700389105,15.392727920042372,59.31316615595825,63.88712284602556,76.87229813782919,0.2054072334044829
2025-12-22,76.98,,,,,4.975934065934066,15.470462224774188,11.876728689416453,12.79260700389105,15.392727920042372,59.09781887752378,63.655168982768195,76.59319922499326,0.20932834253945526
2025-12-23,76.97,,,,,4.96989010989011,15.487263963207004,11.876728689416453,12.79260700389105,15.392727920042372,59.02603645137896,63.57785102834907,76.50016625404794,0.21064173694199617
2025-12-24,76.95,,,,,4.963846153846154,15.502092050209203,11.876728689416453,12.79260700389105,15.392727920042372,58.95425402523413,63.50053307392996,76.40713328310264,0.21180085071745172
2025-12-26,77.0,,,,,4.951758241758242,15.55003217860234,11.876728689416453,12.79260700389105,15.392727920042372,58.81068917294448,63.34589716509171,76.22106734121202,0.21554833771353876
2025-12-29,76.92,,,,,4.933626373626374,15.590965787598003,11.876728689416453,12.79260700389105,15.392727920042372,58.59534189451001,63.11394330183435,75.94196842837609,0.21874812404194044
2025-12-30,76.69,,,,,4.927582417582418,15.563412947971722,11.876728689416453,12.79260700389105,15.392727920042372,58.523559468365185,63.036625347415224,75.84893545743077,0.21659431445348812
2025-12-31,76.69,,,,,4.921538461538462,15.58252578930916,11.876728689416453,12.79260700389105,15.392727920042372,58.45177704222036,62.9593073929961,75.75590248648545,0.2180883681152338
2026-01-02,76.76,,,,,4.90945054945055,15.635150863998568,11.876728689416453,12.79260700389105,15.392727920042372,58.30821218993071,62.804671484157865,75.56983654459484,0.22220207806297174
2026-01-05,77.24,,,,,4.8913186813186815,15.791242614185256,11.876728689416453,12.79260700389105,15.392727920042372,58.092864911496235,62.5727176209005,75.2907376317589,0.2344037934865137
2026-01-06,77.25,,,,,4.8852747252747255,15.812826165197048,11.876728689416453,12.79260700389105,15.392727920042372,58.021082485351414,62.495399666481376,75.1977046608136,0.23609098289249072
2026-01-07,79.4,,,,,4.8792307692307695,16.27305691313259,11.876728689416453,12.79260700389105,15.392727920042372,57.949300059206585,62.41808171206225,75.10467168986828,0.272067289191555
2026-01-08,,,,,,4.8731868131868135,,11.876728689416453,12.79260700389105,15.392727920042372,57.877517633061764,62.34076375764313,75.01163871892297,
2026-01-09,,,,,,4.867142857142857,,11.876728689416453,12.79260700389105,15.392727920042372,57.805735206916935,62.26344580322401,74.91860574797767,
2026-01-12,,,,,,4.8490109890109885,,11.876728689416453,12.79260700389105,15.392727920042372,57.59038792848246,62.031491939966635,74.63950683514172,
2026-01-13,,,,,,4.8429670329670325,,11.876728689416453,12.79260700389105,15.392727920042372,57.51860550233763,61.95417398554751,74.5464738641964,
2026-01-14,,,,,,4.836923076923076,,11.876728689416453,12.79260700389105,15.392727920042372,57.44682307619281,61.87685603112839,74.4534408932511,
2026-01-15,,,,,,4.83087912087912,,11.876728689416453,12.79260700389105,15.392727920042372,57.37504065004798,61.799538076709275,74.36040792230578,
2026-01-16,,,,,,4.824835164835164,,11.876728689416453,12.79260700389105,15.392727920042372,57.30325822390316,61.72222012229015,74.26737495136048,
2026-01-19,,,,,,4.806703296703296,,11.876728689416453,12.79260700389105,15.392727920042372,57.087910945468685,61.490266259032786,73.98827603852455,
2026-01-20,,,,,,4.80065934065934,,11.876728689416453,12.79260700389105,15.392727920042372,57.01612851932386,61.412948304613664,73.89524306757923,
2026-01-21,,,,,,4.794615384615384,,11.876728689416453,12.79260700389105,15.392727920042372,56.944346093179036,61.33563035019454,73.80221009663393,
2026-01-22,,,,,,4.788571428571428,,11.876728689416453,12.79260700389105,15.392727920042372,56.87256366703421,61.25831239577542,73.70917712568861,
2026-01-23,,,,,,4.782527472527472,,11.876728689416453,12.79260700389105,15.392727920042372,56.800781240889386,61.1809944413563,73.6161441547433,
2026-01-26,,,,,,4.764395604395604,,11.876728689416453,12.79260700389105,15.392727920042372,56.585433962454914,60.94904057809894,73.33704524190736,
2026-01-27,,,,,,4.758351648351648,,11.876728689416453,12.79260700389105,15.392727920042372,56.513651536310086,60.871722623679815,73.24401227096206,
2026-01-28,,,,,,4.752307692307692,,11.876728689416453,12.79260700389105,15.392727920042372,56.441869110165264,60.79440466926069,73.15097930001674,
2026-01-29,,,,,,4.746263736263736,,11.876728689416453,12.79260700389105,15.392727920042372,56.370086684020436,60.71708671484157,73.05794632907144,
2026-01-30,,,,,,4.74021978021978,,11.876728689416453,12.79260700389105,15.392727920042372,56.298304257875614,60.63976876042245,72.96491335812613,
2026-02-02,,,,,,4.722087912087912,,11.876728689416453,12.79260700389105,15.392727920042372,56.08295697944114,60.40781489716509,72.68581444529019,
2026-02-03,,,,,,4.716043956043956,,11.876728689416453,12.79260700389105,15.392727920042372,56.011174553296314,60.33049694274597,72.59278147434487,
2026-02-04,,2026-02-04,4.71,1.0,03_alt,4.71,,11.876728689416453,12.79260700389105,15.392727920042372,55.93939212715149,60.253178988326844,72.49974850339957,
